Recorder type:
least_squares
N_parameters:
2
function_evaluation,seconds,x(1),x(2),objective_function
     1,  1.0446e+01,  5.0000000000000003e-02, -5.0000000000000003e-02,  2.6333740591713101e-01
     2,  1.9490e+01,  5.0000000000000003e-02, -5.0000000000000003e-02,  2.6333740591713101e-01
     3,  1.9490e+01,  5.0010000000000006e-02, -5.0000000000000003e-02,  2.6349079411038884e-01
     4,  1.9490e+01,  5.0000000000000003e-02, -4.9990000000000000e-02,  2.6318350632217730e-01
     5,  2.9566e+01,  3.4972988482317210e-02, -3.5026865585601752e-02,  9.2819649262107767e-03
     6,  3.8044e+01,  3.4972988482317210e-02, -3.5026865585601752e-02,  9.2819649262107767e-03
     7,  3.8044e+01,  3.4982988482317214e-02, -3.5026865585601752e-02,  9.3054572597106935e-03
     8,  3.8044e+01,  3.4972988482317210e-02, -3.5016865585601749e-02,  9.2584328798000701e-03
     9,  5.9125e+01,  7.6279361349320743e-02,  1.3362104286791410e-02,  3.6194155540609674e-02
    10,  6.8522e+01,  5.3598967634158015e-02, -9.2503681886437344e-03,  2.9699191084566600e-03
    11,  7.6075e+01,  5.3598967634158015e-02, -9.2503681886437344e-03,  2.9699191084566600e-03
    12,  7.6075e+01,  5.3608967634158018e-02, -9.2503681886437344e-03,  2.9811597459530065e-03
    13,  7.6075e+01,  5.3598967634158015e-02, -9.2403681886437349e-03,  2.9619941306726081e-03
    14,  8.6559e+01,  3.2558550938583009e-02, -3.3111300980196157e-02,  2.2274859001708463e-03
    15,  9.5026e+01,  3.2558550938583009e-02, -3.3111300980196157e-02,  2.2274859001708463e-03
    16,  9.5027e+01,  3.2568550938583012e-02, -3.3111300980196157e-02,  2.2367968165664920e-03
    17,  9.5027e+01,  3.2558550938583009e-02, -3.3101300980196154e-02,  2.2181634228296762e-03
    18,  1.0414e+02,  5.3504050243791706e-02, -9.1676031673487111e-03,  2.8030901332231264e-03
    19,  1.1382e+02,  4.2180016318732944e-02, -2.0450016987845411e-02,  1.0273830409605327e-03
    20,  1.2142e+02,  4.2180016318732944e-02, -2.0450016987845411e-02,  1.0273830409605327e-03
    21,  1.2142e+02,  4.2190016318732947e-02, -2.0450016987845411e-02,  1.0297867539525727e-03
    22,  1.2142e+02,  4.2180016318732944e-02, -2.0440016987845411e-02,  1.0255684802107775e-03
    23,  1.2954e+02,  1.0109877760563983e-02, -5.5788898343500523e-02,  8.0939423166627375e-03
    24,  1.3713e+02,  2.5955641169331779e-02, -3.7947048824057319e-02,  1.1991008794748482e-03
    25,  1.4668e+02,  3.3881259811169503e-02, -2.9023042355683662e-02,  8.2067446716466619e-04
    26,  1.5419e+02,  3.3881259811169503e-02, -2.9023042355683662e-02,  8.2067446716466619e-04
    27,  1.5419e+02,  3.3891259811169507e-02, -2.9023042355683662e-02,  8.2185589695155103e-04
    28,  1.5419e+02,  3.3881259811169503e-02, -2.9013042355683662e-02,  8.1961203049094045e-04
    29,  1.6259e+02,  2.5351447253623243e-02, -3.7367883126282260e-02,  8.6158116941092381e-04
    30,  1.7189e+02,  2.9520376491676069e-02, -3.3095776599374932e-02,  7.9698149293697953e-04
    31,  1.7925e+02,  2.9520376491676069e-02, -3.3095776599374932e-02,  7.9698149293697953e-04
    32,  1.7925e+02,  2.9530376491676068e-02, -3.3095776599374932e-02,  7.9725198096806504e-04
    33,  1.7925e+02,  2.9520376491676069e-02, -3.3085776599374929e-02,  7.9668367908692793e-04
    34,  1.8865e+02,  3.3742798322065476e-02, -2.8880675203831568e-02,  8.0049624814158436e-04
    35,  1.9988e+02,  3.1606350167102427e-02, -3.0963422502885373e-02,  7.9150438659197149e-04
    36,  2.0852e+02,  3.1606350167102427e-02, -3.0963422502885373e-02,  7.9150438659197149e-04
    37,  2.0852e+02,  3.1616350167102431e-02, -3.0963422502885373e-02,  7.9161030303255228e-04
    38,  2.0852e+02,  3.1606350167102427e-02, -3.0953422502885374e-02,  7.9143489708926261e-04
    39,  2.1776e+02,  2.9483555580475402e-02, -3.3059389371128504e-02,  7.9567290953116944e-04
    40,  2.2819e+02,  3.0537277384405041e-02, -3.2003631330674132e-02,  7.9191316030308861e-04
    41,  2.3927e+02,  3.1064223114158067e-02, -3.1475667318735551e-02,  7.9132435133951210e-04
    42,  2.4789e+02,  3.1064223114158067e-02, -3.1475667318735551e-02,  7.9132435133951210e-04
    43,  2.4789e+02,  3.1074223114158066e-02, -3.1475667318735551e-02,  7.9133987542146834e-04
    44,  2.4789e+02,  3.1064223114158067e-02, -3.1465667318735548e-02,  7.9133070979563874e-04
    45,  2.5897e+02,  3.1591818785882506e-02, -3.0948573798962646e-02,  7.9136951728923401e-04
    46,  2.6992e+02,  3.1327408156199547e-02, -3.1211512997309451e-02,  7.9125071106790471e-04
    47,  2.7871e+02,  3.1327408156199547e-02, -3.1211512997309451e-02,  7.9125071106790471e-04
    48,  2.7871e+02,  3.1337408156199550e-02, -3.1211512997309451e-02,  7.9126446139901358e-04
    49,  2.7871e+02,  3.1327408156199547e-02, -3.1201512997309451e-02,  7.9126574433400186e-04
    50,  2.8970e+02,  3.1063503015087108e-02, -3.1474953078396137e-02,  7.9132397706652049e-04
    51,  3.0078e+02,  3.1195513823156287e-02, -3.1343290933366692e-02,  7.9127191170723300e-04
    52,  3.1187e+02,  3.1261519265604006e-02, -3.1277459822540307e-02,  7.9126049623453503e-04
    53,  3.2296e+02,  3.1294522063654504e-02, -3.1244544190503383e-02,  7.9125049191763820e-04
    54,  3.3170e+02,  3.1294522063654504e-02, -3.1244544190503383e-02,  7.9125049191763820e-04
    55,  3.3170e+02,  3.1304522063654507e-02, -3.1244544190503383e-02,  7.9126447768467000e-04
    56,  3.3170e+02,  3.1294522063654504e-02, -3.1234544190503383e-02,  7.9126446408517845e-04
    57,  3.4275e+02,  3.1310823350183363e-02, -3.1227889659662892e-02,  7.9125019566127577e-04
    58,  3.5134e+02,  3.1310823350183363e-02, -3.1227889659662892e-02,  7.9125019566127577e-04
    59,  3.5134e+02,  3.1320823350183366e-02, -3.1227889659662892e-02,  7.9126340543035146e-04
    60,  3.5134e+02,  3.1310823350183363e-02, -3.1217889659662892e-02,  7.9126561808618801e-04
    61,  3.6185e+02,  3.1294520103938558e-02, -3.1244542285915933e-02,  7.9125049191749802e-04
    62,  3.7276e+02,  3.1302769364517924e-02, -3.1236309777988556e-02,  7.9125017334584621e-04
    63,  3.8164e+02,  3.1302769364517924e-02, -3.1236309777988556e-02,  7.9125017334584621e-04
    64,  3.8164e+02,  3.1312769364517927e-02, -3.1236309777988556e-02,  7.9126431703633389e-04
    65,  3.8164e+02,  3.1302769364517924e-02, -3.1226309777988556e-02,  7.9126435105890522e-04
    66,  3.9237e+02,  3.1306868403085650e-02, -3.1232169323912550e-02,  7.9125013309765894e-04
    67,  4.0141e+02,  3.1306868403085650e-02, -3.1232169323912550e-02,  7.9125013309765894e-04
    68,  4.0141e+02,  3.1316868403085653e-02, -3.1232169323912550e-02,  7.9126422982216604e-04
    69,  4.0141e+02,  3.1306868403085650e-02, -3.1222169323912551e-02,  7.9126454833468264e-04
    70,  4.1240e+02,  3.1294521714922065e-02, -3.1244541767723569e-02,  7.9125049192865879e-04
    71,  4.2239e+02,  3.1300708092713361e-02, -3.1238368431862135e-02,  7.9125022250713854e-04
    72,  4.3107e+02,  3.1303801322420839e-02, -3.1235281723205631e-02,  7.9125015823700603e-04
    73,  4.3983e+02,  3.1305348018907650e-02, -3.1233738287416404e-02,  7.9125014077881164e-04
    74,  4.4845e+02,  3.1306121530492642e-02, -3.1232966406524548e-02,  7.9125013438681490e-04
    75,  4.5807e+02,  3.1306508613573349e-02, -3.1232580139480392e-02,  7.9125013334351447e-04
    76,  4.6826e+02,  3.1306702814578431e-02, -3.1232386347883851e-02,  7.9125013302243829e-04
    77,  4.7690e+02,  3.1306702814578431e-02, -3.1232386347883851e-02,  7.9125013302243829e-04
    78,  4.7690e+02,  3.1316702814578434e-02, -3.1232386347883851e-02,  7.9126437300529296e-04
    79,  4.7690e+02,  3.1306702814578431e-02, -3.1222386347883851e-02,  7.9126439717455786e-04
    80,  4.8551e+02,  3.1306586237866293e-02, -3.1232457678221359e-02,  7.9125013340134332e-04
    81,  4.9470e+02,  3.1306639815534262e-02, -3.1232412895266480e-02,  7.9125013323880667e-04
    82,  5.0473e+02,  3.1306671315056343e-02, -3.1232399621575164e-02,  7.9125013307389139e-04
    83,  5.1366e+02,  3.1306687064817387e-02, -3.1232392984729507e-02,  7.9125013303418020e-04
    84,  5.2222e+02,  3.1306694939697913e-02, -3.1232389666306679e-02,  7.9125013301412919e-04
    85,  5.3102e+02,  3.1306694939697913e-02, -3.1232389666306679e-02,  7.9125013301412919e-04
    86,  5.3102e+02,  3.1316694939697916e-02, -3.1232389666306679e-02,  7.9126436000892541e-04
    87,  5.3102e+02,  3.1306694939697913e-02, -3.1222389666306680e-02,  7.9126440999000870e-04
    88,  5.4130e+02,  3.1306691586156482e-02, -3.1232392308196338e-02,  7.9125013302995724e-04
    89,  5.5149e+02,  3.1306693262927197e-02, -3.1232390987251508e-02,  7.9125013301441238e-04
    90,  5.6126e+02,  3.1306694101312559e-02, -3.1232390326779092e-02,  7.9125013303133688e-04
    91,  5.7001e+02,  3.1306694520505232e-02, -3.1232389996542886e-02,  7.9125013303967635e-04
    92,  5.7868e+02,  3.1306694730101572e-02, -3.1232389831424782e-02,  7.9125013305466555e-04
    93,  5.8755e+02,  3.1306694834899743e-02, -3.1232389748865733e-02,  7.9125013301800488e-04
    94,  5.9630e+02,  3.1306694887298828e-02, -3.1232389707586204e-02,  7.9125013302123765e-04
    95,  6.0515e+02,  3.1306694913498370e-02, -3.1232389686946443e-02,  7.9125013301743102e-04
    96,  6.1397e+02,  3.1306694926598141e-02, -3.1232389676626560e-02,  7.9125013304369191e-04
    97,  6.2282e+02,  3.1306694933148027e-02, -3.1232389671466621e-02,  7.9125013302718320e-04
