Recorder type:
least_squares
N_parameters:
8
function_evaluation,seconds,x(1),x(2),x(3),x(4),x(5),x(6),x(7),x(8),objective_function
     1,  3.5738e+00,  0.0000000000000000e+00,  0.0000000000000000e+00,  2.0000000000000001e-01,  2.0699999999999999e-01,  1.4999999999999999e-01,  1.4999999999999999e-01,  0.0000000000000000e+00,  0.0000000000000000e+00,  1.3700911078029685e+00
     2,  7.0730e+00,  0.0000000000000000e+00,  0.0000000000000000e+00,  2.0000000000000001e-01,  2.0699999999999999e-01,  1.4999999999999999e-01,  1.4999999999999999e-01,  0.0000000000000000e+00,  0.0000000000000000e+00,  1.3700911078029685e+00
     3,  7.0731e+00,  9.9999999999999995e-07,  0.0000000000000000e+00,  2.0000000000000001e-01,  2.0699999999999999e-01,  1.4999999999999999e-01,  1.4999999999999999e-01,  0.0000000000000000e+00,  0.0000000000000000e+00,  1.3700872788457665e+00
     4,  7.0731e+00,  0.0000000000000000e+00,  9.9999999999999995e-07,  2.0000000000000001e-01,  2.0699999999999999e-01,  1.4999999999999999e-01,  1.4999999999999999e-01,  0.0000000000000000e+00,  0.0000000000000000e+00,  1.3700871458277029e+00
     5,  7.0731e+00,  0.0000000000000000e+00,  0.0000000000000000e+00,  2.0000100000000001e-01,  2.0699999999999999e-01,  1.4999999999999999e-01,  1.4999999999999999e-01,  0.0000000000000000e+00,  0.0000000000000000e+00,  1.3701177951427885e+00
     6,  7.0732e+00,  0.0000000000000000e+00,  0.0000000000000000e+00,  2.0000000000000001e-01,  2.0700099999999999e-01,  1.4999999999999999e-01,  1.4999999999999999e-01,  0.0000000000000000e+00,  0.0000000000000000e+00,  1.3701169564767710e+00
     7,  7.0732e+00,  0.0000000000000000e+00,  0.0000000000000000e+00,  2.0000000000000001e-01,  2.0699999999999999e-01,  1.5000100000000000e-01,  1.4999999999999999e-01,  0.0000000000000000e+00,  0.0000000000000000e+00,  1.3700907797061481e+00
     8,  7.0732e+00,  0.0000000000000000e+00,  0.0000000000000000e+00,  2.0000000000000001e-01,  2.0699999999999999e-01,  1.4999999999999999e-01,  1.5000100000000000e-01,  0.0000000000000000e+00,  0.0000000000000000e+00,  1.3700907832797751e+00
     9,  7.0732e+00,  0.0000000000000000e+00,  0.0000000000000000e+00,  2.0000000000000001e-01,  2.0699999999999999e-01,  1.4999999999999999e-01,  1.4999999999999999e-01,  9.9999999999999995e-07,  0.0000000000000000e+00,  1.3700871201412774e+00
    10,  7.0732e+00,  0.0000000000000000e+00,  0.0000000000000000e+00,  2.0000000000000001e-01,  2.0699999999999999e-01,  1.4999999999999999e-01,  1.4999999999999999e-01,  0.0000000000000000e+00,  9.9999999999999995e-07,  1.3700872995025073e+00
    11,  7.0812e+00, -1.5192280813307077e-01,  1.3193000535405427e-01,  1.1607294874935022e-01,  1.9712447764178595e-01,  4.6494844159996818e-01,  4.5362631832575218e-01,  2.5316514695695687e-02, -3.4836829381118567e-02,  1.0000000000000227e+12
    12,  7.0846e+00, -1.4222237713661767e-01,  1.2081030877227164e-01,  1.3563692766527269e-01,  1.7709092186134906e-01,  4.5717734491992823e-01,  4.5866245820461982e-01,  1.9991652676514451e-02, -2.7099229162648397e-02,  1.0000000000000227e+12
    13,  1.7841e+01, -1.1207023764031507e-01,  9.2168442483117910e-02,  1.5237972709024777e-01,  1.6056844418883048e-01,  4.4583138079231555e-01,  4.6059625765559087e-01,  1.2722375321850964e-02, -1.8570891297757224e-02,  3.5074001981190466e+00
    14,  2.0987e+01, -3.9809757470980402e-02,  2.8840826879790799e-02,  1.5678190455325236e-01,  1.6018324156829961e-01,  4.2103366667009656e-01,  4.4141481369226032e-01,  2.7470317407889602e-03, -8.7015536724528216e-03,  1.3969863499615676e-01
    15,  2.4167e+01, -3.9809757470980402e-02,  2.8840826879790799e-02,  1.5678190455325236e-01,  1.6018324156829961e-01,  4.2103366667009656e-01,  4.4141481369226032e-01,  2.7470317407889602e-03, -8.7015536724528216e-03,  1.3969863499615676e-01
    16,  2.4167e+01, -3.9808757470980401e-02,  2.8840826879790799e-02,  1.5678190455325236e-01,  1.6018324156829961e-01,  4.2103366667009656e-01,  4.4141481369226032e-01,  2.7470317407889602e-03, -8.7015536724528216e-03,  1.3970362615845991e-01
    17,  2.4167e+01, -3.9809757470980402e-02,  2.8841826879790800e-02,  1.5678190455325236e-01,  1.6018324156829961e-01,  4.2103366667009656e-01,  4.4141481369226032e-01,  2.7470317407889602e-03, -8.7015536724528216e-03,  1.3970891026842522e-01
    18,  2.4167e+01, -3.9809757470980402e-02,  2.8840826879790799e-02,  1.5678290455325236e-01,  1.6018324156829961e-01,  4.2103366667009656e-01,  4.4141481369226032e-01,  2.7470317407889602e-03, -8.7015536724528216e-03,  1.3968764713332935e-01
    19,  2.4167e+01, -3.9809757470980402e-02,  2.8840826879790799e-02,  1.5678190455325236e-01,  1.6018424156829961e-01,  4.2103366667009656e-01,  4.4141481369226032e-01,  2.7470317407889602e-03, -8.7015536724528216e-03,  1.3968528052036017e-01
    20,  2.4167e+01, -3.9809757470980402e-02,  2.8840826879790799e-02,  1.5678190455325236e-01,  1.6018324156829961e-01,  4.2103466667009654e-01,  4.4141481369226032e-01,  2.7470317407889602e-03, -8.7015536724528216e-03,  1.3969882686903401e-01
    21,  2.4167e+01, -3.9809757470980402e-02,  2.8840826879790799e-02,  1.5678190455325236e-01,  1.6018324156829961e-01,  4.2103366667009656e-01,  4.4141581369226029e-01,  2.7470317407889602e-03, -8.7015536724528216e-03,  1.3969896130431905e-01
    22,  2.4167e+01, -3.9809757470980402e-02,  2.8840826879790799e-02,  1.5678190455325236e-01,  1.6018324156829961e-01,  4.2103366667009656e-01,  4.4141481369226032e-01,  2.7480317407889603e-03, -8.7015536724528216e-03,  1.3970626348900581e-01
    23,  2.4167e+01, -3.9809757470980402e-02,  2.8840826879790799e-02,  1.5678190455325236e-01,  1.6018324156829961e-01,  4.2103366667009656e-01,  4.4141481369226032e-01,  2.7470317407889602e-03, -8.7005536724528224e-03,  1.3970569825565887e-01
    24,  2.7239e+01, -5.0104115150950326e-02,  3.1100295594266372e-02,  1.6608111744653792e-01,  1.6622835928988919e-01,  3.4895145933363603e-01,  4.0712739018924055e-01,  9.4265391687550493e-03, -1.5851411494497255e-02,  2.0573748243231101e-02
    25,  3.0350e+01, -5.0104115150950326e-02,  3.1100295594266372e-02,  1.6608111744653792e-01,  1.6622835928988919e-01,  3.4895145933363603e-01,  4.0712739018924055e-01,  9.4265391687550493e-03, -1.5851411494497255e-02,  2.0573748243231101e-02
    26,  3.0350e+01, -5.0103115150950325e-02,  3.1100295594266372e-02,  1.6608111744653792e-01,  1.6622835928988919e-01,  3.4895145933363603e-01,  4.0712739018924055e-01,  9.4265391687550493e-03, -1.5851411494497255e-02,  2.0574183119751833e-02
    27,  3.0350e+01, -5.0104115150950326e-02,  3.1101295594266373e-02,  1.6608111744653792e-01,  1.6622835928988919e-01,  3.4895145933363603e-01,  4.0712739018924055e-01,  9.4265391687550493e-03, -1.5851411494497255e-02,  2.0574591041053591e-02
    28,  3.0351e+01, -5.0104115150950326e-02,  3.1100295594266372e-02,  1.6608211744653792e-01,  1.6622835928988919e-01,  3.4895145933363603e-01,  4.0712739018924055e-01,  9.4265391687550493e-03, -1.5851411494497255e-02,  2.0572593719327594e-02
    29,  3.0351e+01, -5.0104115150950326e-02,  3.1100295594266372e-02,  1.6608111744653792e-01,  1.6622935928988919e-01,  3.4895145933363603e-01,  4.0712739018924055e-01,  9.4265391687550493e-03, -1.5851411494497255e-02,  2.0572427174309665e-02
    30,  3.0351e+01, -5.0104115150950326e-02,  3.1100295594266372e-02,  1.6608111744653792e-01,  1.6622835928988919e-01,  3.4895245933363600e-01,  4.0712739018924055e-01,  9.4265391687550493e-03, -1.5851411494497255e-02,  2.0573740200083068e-02
    31,  3.0351e+01, -5.0104115150950326e-02,  3.1100295594266372e-02,  1.6608111744653792e-01,  1.6622835928988919e-01,  3.4895145933363603e-01,  4.0712839018924052e-01,  9.4265391687550493e-03, -1.5851411494497255e-02,  2.0573777011338119e-02
    32,  3.0351e+01, -5.0104115150950326e-02,  3.1100295594266372e-02,  1.6608111744653792e-01,  1.6622835928988919e-01,  3.4895145933363603e-01,  4.0712739018924055e-01,  9.4275391687550485e-03, -1.5851411494497255e-02,  2.0574394215167685e-02
    33,  3.0351e+01, -5.0104115150950326e-02,  3.1100295594266372e-02,  1.6608111744653792e-01,  1.6622835928988919e-01,  3.4895145933363603e-01,  4.0712739018924055e-01,  9.4265391687550493e-03, -1.5850411494497254e-02,  2.0574276638962986e-02
    34,  3.3946e+01, -8.8907267625316186e-02,  5.3414926289129028e-02,  1.7842616815329823e-01,  1.7315070386840070e-01,  2.8772577201670385e-01,  3.5680778121176021e-01,  1.4623400633434027e-02,  2.0983403738954395e-03,  1.9512634018979704e-02
    35,  3.7577e+01, -8.8907267625316186e-02,  5.3414926289129028e-02,  1.7842616815329823e-01,  1.7315070386840070e-01,  2.8772577201670385e-01,  3.5680778121176021e-01,  1.4623400633434027e-02,  2.0983403738954395e-03,  1.9512634018979704e-02
    36,  3.7577e+01, -8.8906267625316185e-02,  5.3414926289129028e-02,  1.7842616815329823e-01,  1.7315070386840070e-01,  2.8772577201670385e-01,  3.5680778121176021e-01,  1.4623400633434027e-02,  2.0983403738954395e-03,  1.9512545666392954e-02
    37,  3.7578e+01, -8.8907267625316186e-02,  5.3415926289129029e-02,  1.7842616815329823e-01,  1.7315070386840070e-01,  2.8772577201670385e-01,  3.5680778121176021e-01,  1.4623400633434027e-02,  2.0983403738954395e-03,  1.9515166407894306e-02
    38,  3.7578e+01, -8.8907267625316186e-02,  5.3414926289129028e-02,  1.7842716815329823e-01,  1.7315070386840070e-01,  2.8772577201670385e-01,  3.5680778121176021e-01,  1.4623400633434027e-02,  2.0983403738954395e-03,  1.9509841546864467e-02
    39,  3.7578e+01, -8.8907267625316186e-02,  5.3414926289129028e-02,  1.7842616815329823e-01,  1.7315170386840070e-01,  2.8772577201670385e-01,  3.5680778121176021e-01,  1.4623400633434027e-02,  2.0983403738954395e-03,  1.9509089642012437e-02
    40,  3.7578e+01, -8.8907267625316186e-02,  5.3414926289129028e-02,  1.7842616815329823e-01,  1.7315070386840070e-01,  2.8772677201670382e-01,  3.5680778121176021e-01,  1.4623400633434027e-02,  2.0983403738954395e-03,  1.9512639826069475e-02
    41,  3.7578e+01, -8.8907267625316186e-02,  5.3414926289129028e-02,  1.7842616815329823e-01,  1.7315070386840070e-01,  2.8772577201670385e-01,  3.5680878121176018e-01,  1.4623400633434027e-02,  2.0983403738954395e-03,  1.9512706345048623e-02
    42,  3.7578e+01, -8.8907267625316186e-02,  5.3414926289129028e-02,  1.7842616815329823e-01,  1.7315070386840070e-01,  2.8772577201670385e-01,  3.5680778121176021e-01,  1.4624400633434027e-02,  2.0983403738954395e-03,  1.9513341339097622e-02
    43,  3.7578e+01, -8.8907267625316186e-02,  5.3414926289129028e-02,  1.7842616815329823e-01,  1.7315070386840070e-01,  2.8772577201670385e-01,  3.5680778121176021e-01,  1.4623400633434027e-02,  2.0993403738954397e-03,  1.9513504512250136e-02
    44,  4.0867e+01, -1.0995210316391746e-01,  6.5647681805204361e-02,  1.9157256508118062e-01,  1.7972697249556360e-01,  2.0938376287009003e-01,  2.9602042562201414e-01,  2.5403003738956771e-02,  5.7569976892520771e-03,  5.8535529443119270e-03
    45,  4.4382e+01, -1.0995210316391746e-01,  6.5647681805204361e-02,  1.9157256508118062e-01,  1.7972697249556360e-01,  2.0938376287009003e-01,  2.9602042562201414e-01,  2.5403003738956771e-02,  5.7569976892520771e-03,  5.8535529443119270e-03
    46,  4.4382e+01, -1.0995110316391746e-01,  6.5647681805204361e-02,  1.9157256508118062e-01,  1.7972697249556360e-01,  2.0938376287009003e-01,  2.9602042562201414e-01,  2.5403003738956771e-02,  5.7569976892520771e-03,  5.8535482543458353e-03
    47,  4.4382e+01, -1.0995210316391746e-01,  6.5648681805204362e-02,  1.9157256508118062e-01,  1.7972697249556360e-01,  2.0938376287009003e-01,  2.9602042562201414e-01,  2.5403003738956771e-02,  5.7569976892520771e-03,  5.8538514686529604e-03
    48,  4.4382e+01, -1.0995210316391746e-01,  6.5647681805204361e-02,  1.9157356508118062e-01,  1.7972697249556360e-01,  2.0938376287009003e-01,  2.9602042562201414e-01,  2.5403003738956771e-02,  5.7569976892520771e-03,  5.8532271973668840e-03
    49,  4.4382e+01, -1.0995210316391746e-01,  6.5647681805204361e-02,  1.9157256508118062e-01,  1.7972797249556360e-01,  2.0938376287009003e-01,  2.9602042562201414e-01,  2.5403003738956771e-02,  5.7569976892520771e-03,  5.8531292328056293e-03
    50,  4.4382e+01, -1.0995210316391746e-01,  6.5647681805204361e-02,  1.9157256508118062e-01,  1.7972697249556360e-01,  2.0938476287009003e-01,  2.9602042562201414e-01,  2.5403003738956771e-02,  5.7569976892520771e-03,  5.8535920710771619e-03
    51,  4.4382e+01, -1.0995210316391746e-01,  6.5647681805204361e-02,  1.9157256508118062e-01,  1.7972697249556360e-01,  2.0938376287009003e-01,  2.9602142562201411e-01,  2.5403003738956771e-02,  5.7569976892520771e-03,  5.8535819728688220e-03
    52,  4.4382e+01, -1.0995210316391746e-01,  6.5647681805204361e-02,  1.9157256508118062e-01,  1.7972697249556360e-01,  2.0938376287009003e-01,  2.9602042562201414e-01,  2.5404003738956772e-02,  5.7569976892520771e-03,  5.8536113691067780e-03
    53,  4.4382e+01, -1.0995210316391746e-01,  6.5647681805204361e-02,  1.9157256508118062e-01,  1.7972697249556360e-01,  2.0938376287009003e-01,  2.9602042562201414e-01,  2.5403003738956771e-02,  5.7579976892520772e-03,  5.8536507434824867e-03
    54,  4.7694e+01, -1.3324735558825263e-01,  7.9886142896962442e-02,  2.0276864464557792e-01,  1.8671015883333986e-01,  1.2374949125430269e-01,  1.9040695701287030e-01,  3.0189823423984703e-02,  1.5446161848049709e-02,  1.9726481741347210e-03
    55,  5.1135e+01, -1.3324735558825263e-01,  7.9886142896962442e-02,  2.0276864464557792e-01,  1.8671015883333986e-01,  1.2374949125430269e-01,  1.9040695701287030e-01,  3.0189823423984703e-02,  1.5446161848049709e-02,  1.9726481741347210e-03
    56,  5.1136e+01, -1.3324635558825262e-01,  7.9886142896962442e-02,  2.0276864464557792e-01,  1.8671015883333986e-01,  1.2374949125430269e-01,  1.9040695701287030e-01,  3.0189823423984703e-02,  1.5446161848049709e-02,  1.9726844021563041e-03
    57,  5.1136e+01, -1.3324735558825263e-01,  7.9887142896962443e-02,  2.0276864464557792e-01,  1.8671015883333986e-01,  1.2374949125430269e-01,  1.9040695701287030e-01,  3.0189823423984703e-02,  1.5446161848049709e-02,  1.9733972692468744e-03
    58,  5.1136e+01, -1.3324735558825263e-01,  7.9886142896962442e-02,  2.0276964464557792e-01,  1.8671015883333986e-01,  1.2374949125430269e-01,  1.9040695701287030e-01,  3.0189823423984703e-02,  1.5446161848049709e-02,  1.9723091301466333e-03
    59,  5.1136e+01, -1.3324735558825263e-01,  7.9886142896962442e-02,  2.0276864464557792e-01,  1.8671115883333986e-01,  1.2374949125430269e-01,  1.9040695701287030e-01,  3.0189823423984703e-02,  1.5446161848049709e-02,  1.9719326913510086e-03
    60,  5.1136e+01, -1.3324735558825263e-01,  7.9886142896962442e-02,  2.0276864464557792e-01,  1.8671015883333986e-01,  1.2375049125430269e-01,  1.9040695701287030e-01,  3.0189823423984703e-02,  1.5446161848049709e-02,  1.9726611283383544e-03
    61,  5.1136e+01, -1.3324735558825263e-01,  7.9886142896962442e-02,  2.0276864464557792e-01,  1.8671015883333986e-01,  1.2374949125430269e-01,  1.9040795701287030e-01,  3.0189823423984703e-02,  1.5446161848049709e-02,  1.9726706057997660e-03
    62,  5.1136e+01, -1.3324735558825263e-01,  7.9886142896962442e-02,  2.0276864464557792e-01,  1.8671015883333986e-01,  1.2374949125430269e-01,  1.9040695701287030e-01,  3.0190823423984704e-02,  1.5446161848049709e-02,  1.9728615045444386e-03
    63,  5.1136e+01, -1.3324735558825263e-01,  7.9886142896962442e-02,  2.0276864464557792e-01,  1.8671015883333986e-01,  1.2374949125430269e-01,  1.9040695701287030e-01,  3.0189823423984703e-02,  1.5447161848049708e-02,  1.9730270530938440e-03
    64,  5.4481e+01, -1.2869147622174490e-01,  8.1244466420128086e-02,  2.0117778005993006e-01,  1.8823235117038425e-01,  1.1116365740248643e-01,  1.7635839383650453e-01,  2.6742556720253840e-02,  1.2307459993427562e-02,  1.0723416473320563e-03
    65,  5.7891e+01, -1.2869147622174490e-01,  8.1244466420128086e-02,  2.0117778005993006e-01,  1.8823235117038425e-01,  1.1116365740248643e-01,  1.7635839383650453e-01,  2.6742556720253840e-02,  1.2307459993427562e-02,  1.0723416473320563e-03
    66,  5.7891e+01, -1.2869047622174490e-01,  8.1244466420128086e-02,  2.0117778005993006e-01,  1.8823235117038425e-01,  1.1116365740248643e-01,  1.7635839383650453e-01,  2.6742556720253840e-02,  1.2307459993427562e-02,  1.0723645967279101e-03
    67,  5.7891e+01, -1.2869147622174490e-01,  8.1245466420128087e-02,  2.0117778005993006e-01,  1.8823235117038425e-01,  1.1116365740248643e-01,  1.7635839383650453e-01,  2.6742556720253840e-02,  1.2307459993427562e-02,  1.0723220539723324e-03
    68,  5.7891e+01, -1.2869147622174490e-01,  8.1244466420128086e-02,  2.0117878005993006e-01,  1.8823235117038425e-01,  1.1116365740248643e-01,  1.7635839383650453e-01,  2.6742556720253840e-02,  1.2307459993427562e-02,  1.0723844104119288e-03
    69,  5.7891e+01, -1.2869147622174490e-01,  8.1244466420128086e-02,  2.0117778005993006e-01,  1.8823335117038426e-01,  1.1116365740248643e-01,  1.7635839383650453e-01,  2.6742556720253840e-02,  1.2307459993427562e-02,  1.0723733227395139e-03
    70,  5.7891e+01, -1.2869147622174490e-01,  8.1244466420128086e-02,  2.0117778005993006e-01,  1.8823235117038425e-01,  1.1116465740248643e-01,  1.7635839383650453e-01,  2.6742556720253840e-02,  1.2307459993427562e-02,  1.0723415468311104e-03
    71,  5.7891e+01, -1.2869147622174490e-01,  8.1244466420128086e-02,  2.0117778005993006e-01,  1.8823235117038425e-01,  1.1116365740248643e-01,  1.7635939383650454e-01,  2.6742556720253840e-02,  1.2307459993427562e-02,  1.0723424331810171e-03
    72,  5.7891e+01, -1.2869147622174490e-01,  8.1244466420128086e-02,  2.0117778005993006e-01,  1.8823235117038425e-01,  1.1116365740248643e-01,  1.7635839383650453e-01,  2.6743556720253841e-02,  1.2307459993427562e-02,  1.0723507673650022e-03
    73,  5.7891e+01, -1.2869147622174490e-01,  8.1244466420128086e-02,  2.0117778005993006e-01,  1.8823235117038425e-01,  1.1116365740248643e-01,  1.7635839383650453e-01,  2.6742556720253840e-02,  1.2308459993427561e-02,  1.0723639396823738e-03
    74,  6.1134e+01, -1.2397049908052304e-01,  8.5397462361978232e-02,  1.9791565438638045e-01,  1.9236808967696251e-01,  1.1222110680722115e-01,  1.6695226477677202e-01,  2.2229740152028343e-02,  1.1476010328311945e-02,  1.0371728726885246e-03
    75,  6.4413e+01, -1.2397049908052304e-01,  8.5397462361978232e-02,  1.9791565438638045e-01,  1.9236808967696251e-01,  1.1222110680722115e-01,  1.6695226477677202e-01,  2.2229740152028343e-02,  1.1476010328311945e-02,  1.0371728726885246e-03
    76,  6.4413e+01, -1.2396949908052304e-01,  8.5397462361978232e-02,  1.9791565438638045e-01,  1.9236808967696251e-01,  1.1222110680722115e-01,  1.6695226477677202e-01,  2.2229740152028343e-02,  1.1476010328311945e-02,  1.0371890707720954e-03
    77,  6.4413e+01, -1.2397049908052304e-01,  8.5398462361978233e-02,  1.9791565438638045e-01,  1.9236808967696251e-01,  1.1222110680722115e-01,  1.6695226477677202e-01,  2.2229740152028343e-02,  1.1476010328311945e-02,  1.0371216225226378e-03
    78,  6.4413e+01, -1.2397049908052304e-01,  8.5397462361978232e-02,  1.9791665438638045e-01,  1.9236808967696251e-01,  1.1222110680722115e-01,  1.6695226477677202e-01,  2.2229740152028343e-02,  1.1476010328311945e-02,  1.0372217997595711e-03
    79,  6.4413e+01, -1.2397049908052304e-01,  8.5397462361978232e-02,  1.9791565438638045e-01,  1.9236908967696251e-01,  1.1222110680722115e-01,  1.6695226477677202e-01,  2.2229740152028343e-02,  1.1476010328311945e-02,  1.0372299743581237e-03
    80,  6.4413e+01, -1.2397049908052304e-01,  8.5397462361978232e-02,  1.9791565438638045e-01,  1.9236808967696251e-01,  1.1222210680722115e-01,  1.6695226477677202e-01,  2.2229740152028343e-02,  1.1476010328311945e-02,  1.0371717817675527e-03
    81,  6.4413e+01, -1.2397049908052304e-01,  8.5397462361978232e-02,  1.9791565438638045e-01,  1.9236808967696251e-01,  1.1222110680722115e-01,  1.6695326477677203e-01,  2.2229740152028343e-02,  1.1476010328311945e-02,  1.0371730636973572e-03
    82,  6.4413e+01, -1.2397049908052304e-01,  8.5397462361978232e-02,  1.9791565438638045e-01,  1.9236808967696251e-01,  1.1222110680722115e-01,  1.6695226477677202e-01,  2.2230740152028344e-02,  1.1476010328311945e-02,  1.0371616739881778e-03
    83,  6.4413e+01, -1.2397049908052304e-01,  8.5397462361978232e-02,  1.9791565438638045e-01,  1.9236808967696251e-01,  1.1222110680722115e-01,  1.6695226477677202e-01,  2.2229740152028343e-02,  1.1477010328311945e-02,  1.0371765263853965e-03
    84,  6.7609e+01, -1.2142713233688764e-01,  8.8529413402451809e-02,  1.9388601859821242e-01,  1.9715231270644401e-01,  1.1352764648098895e-01,  1.6054295916013567e-01,  2.0848876915807727e-02,  1.1672540409501662e-02,  1.0151661364316902e-03
    85,  7.0842e+01, -1.2142713233688764e-01,  8.8529413402451809e-02,  1.9388601859821242e-01,  1.9715231270644401e-01,  1.1352764648098895e-01,  1.6054295916013567e-01,  2.0848876915807727e-02,  1.1672540409501662e-02,  1.0151661364316902e-03
    86,  7.0842e+01, -1.2142613233688763e-01,  8.8529413402451809e-02,  1.9388601859821242e-01,  1.9715231270644401e-01,  1.1352764648098895e-01,  1.6054295916013567e-01,  2.0848876915807727e-02,  1.1672540409501662e-02,  1.0151489949554308e-03
    87,  7.0842e+01, -1.2142713233688764e-01,  8.8530413402451810e-02,  1.9388601859821242e-01,  1.9715231270644401e-01,  1.1352764648098895e-01,  1.6054295916013567e-01,  2.0848876915807727e-02,  1.1672540409501662e-02,  1.0151930034789480e-03
    88,  7.0842e+01, -1.2142713233688764e-01,  8.8529413402451809e-02,  1.9388701859821242e-01,  1.9715231270644401e-01,  1.1352764648098895e-01,  1.6054295916013567e-01,  2.0848876915807727e-02,  1.1672540409501662e-02,  1.0151208508205607e-03
    89,  7.0842e+01, -1.2142713233688764e-01,  8.8529413402451809e-02,  1.9388601859821242e-01,  1.9715331270644401e-01,  1.1352764648098895e-01,  1.6054295916013567e-01,  2.0848876915807727e-02,  1.1672540409501662e-02,  1.0151174353826679e-03
    90,  7.0842e+01, -1.2142713233688764e-01,  8.8529413402451809e-02,  1.9388601859821242e-01,  1.9715231270644401e-01,  1.1352864648098895e-01,  1.6054295916013567e-01,  2.0848876915807727e-02,  1.1672540409501662e-02,  1.0151655246867111e-03
    91,  7.0842e+01, -1.2142713233688764e-01,  8.8529413402451809e-02,  1.9388601859821242e-01,  1.9715231270644401e-01,  1.1352764648098895e-01,  1.6054395916013567e-01,  2.0848876915807727e-02,  1.1672540409501662e-02,  1.0151658971357419e-03
    92,  7.0842e+01, -1.2142713233688764e-01,  8.8529413402451809e-02,  1.9388601859821242e-01,  1.9715231270644401e-01,  1.1352764648098895e-01,  1.6054295916013567e-01,  2.0849876915807728e-02,  1.1672540409501662e-02,  1.0151641163038867e-03
    93,  7.0842e+01, -1.2142713233688764e-01,  8.8529413402451809e-02,  1.9388601859821242e-01,  1.9715231270644401e-01,  1.1352764648098895e-01,  1.6054295916013567e-01,  2.0848876915807727e-02,  1.1673540409501661e-02,  1.0151641991723694e-03
    94,  7.3944e+01, -1.2016401476365818e-01,  9.0807466320143235e-02,  1.8999610313039617e-01,  2.0191514500145513e-01,  1.1453988538036679e-01,  1.5624552632869118e-01,  2.0905664771774784e-02,  1.2531335005780634e-02,  1.0035801264188628e-03
    95,  7.7082e+01, -1.2016401476365818e-01,  9.0807466320143235e-02,  1.8999610313039617e-01,  2.0191514500145513e-01,  1.1453988538036679e-01,  1.5624552632869118e-01,  2.0905664771774784e-02,  1.2531335005780634e-02,  1.0035801264188628e-03
    96,  7.7082e+01, -1.2016301476365818e-01,  9.0807466320143235e-02,  1.8999610313039617e-01,  2.0191514500145513e-01,  1.1453988538036679e-01,  1.5624552632869118e-01,  2.0905664771774784e-02,  1.2531335005780634e-02,  1.0035556185808425e-03
    97,  7.7082e+01, -1.2016401476365818e-01,  9.0808466320143236e-02,  1.8999610313039617e-01,  2.0191514500145513e-01,  1.1453988538036679e-01,  1.5624552632869118e-01,  2.0905664771774784e-02,  1.2531335005780634e-02,  1.0036237093487476e-03
    98,  7.7082e+01, -1.2016401476365818e-01,  9.0807466320143235e-02,  1.8999710313039617e-01,  2.0191514500145513e-01,  1.1453988538036679e-01,  1.5624552632869118e-01,  2.0905664771774784e-02,  1.2531335005780634e-02,  1.0035142944014158e-03
    99,  7.7082e+01, -1.2016401476365818e-01,  9.0807466320143235e-02,  1.8999610313039617e-01,  2.0191614500145513e-01,  1.1453988538036679e-01,  1.5624552632869118e-01,  2.0905664771774784e-02,  1.2531335005780634e-02,  1.0035119501301526e-03
   100,  7.7082e+01, -1.2016401476365818e-01,  9.0807466320143235e-02,  1.8999610313039617e-01,  2.0191514500145513e-01,  1.1454088538036679e-01,  1.5624552632869118e-01,  2.0905664771774784e-02,  1.2531335005780634e-02,  1.0035797775971352e-03
   101,  7.7082e+01, -1.2016401476365818e-01,  9.0807466320143235e-02,  1.8999610313039617e-01,  2.0191514500145513e-01,  1.1453988538036679e-01,  1.5624652632869118e-01,  2.0905664771774784e-02,  1.2531335005780634e-02,  1.0035798533076167e-03
   102,  7.7082e+01, -1.2016401476365818e-01,  9.0807466320143235e-02,  1.8999610313039617e-01,  2.0191514500145513e-01,  1.1453988538036679e-01,  1.5624552632869118e-01,  2.0906664771774785e-02,  1.2531335005780634e-02,  1.0035810110140132e-03
   103,  7.7082e+01, -1.2016401476365818e-01,  9.0807466320143235e-02,  1.8999610313039617e-01,  2.0191514500145513e-01,  1.1453988538036679e-01,  1.5624552632869118e-01,  2.0905664771774784e-02,  1.2532335005780633e-02,  1.0035770072189315e-03
   104,  8.0261e+01, -1.1959213996968196e-01,  9.2342609522446051e-02,  1.8738756876240797e-01,  2.0535870891001540e-01,  1.1521117936053361e-01,  1.5365173679161709e-01,  2.1195607732195917e-02,  1.3293029762464211e-02,  9.9499210388305634e-04
   105,  8.3475e+01, -1.1959213996968196e-01,  9.2342609522446051e-02,  1.8738756876240797e-01,  2.0535870891001540e-01,  1.1521117936053361e-01,  1.5365173679161709e-01,  2.1195607732195917e-02,  1.3293029762464211e-02,  9.9499210388305634e-04
   106,  8.3475e+01, -1.1959113996968196e-01,  9.2342609522446051e-02,  1.8738756876240797e-01,  2.0535870891001540e-01,  1.1521117936053361e-01,  1.5365173679161709e-01,  2.1195607732195917e-02,  1.3293029762464211e-02,  9.9497887645950901e-04
   107,  8.3475e+01, -1.1959213996968196e-01,  9.2343609522446052e-02,  1.8738756876240797e-01,  2.0535870891001540e-01,  1.1521117936053361e-01,  1.5365173679161709e-01,  2.1195607732195917e-02,  1.3293029762464211e-02,  9.9501462493016318e-04
   108,  8.3475e+01, -1.1959213996968196e-01,  9.2342609522446051e-02,  1.8738856876240798e-01,  2.0535870891001540e-01,  1.1521117936053361e-01,  1.5365173679161709e-01,  2.1195607732195917e-02,  1.3293029762464211e-02,  9.9495835570847894e-04
   109,  8.3475e+01, -1.1959213996968196e-01,  9.2342609522446051e-02,  1.8738756876240797e-01,  2.0535970891001540e-01,  1.1521117936053361e-01,  1.5365173679161709e-01,  2.1195607732195917e-02,  1.3293029762464211e-02,  9.9495773097393078e-04
   110,  8.3475e+01, -1.1959213996968196e-01,  9.2342609522446051e-02,  1.8738756876240797e-01,  2.0535870891001540e-01,  1.1521217936053361e-01,  1.5365173679161709e-01,  2.1195607732195917e-02,  1.3293029762464211e-02,  9.9499199977524889e-04
   111,  8.3475e+01, -1.1959213996968196e-01,  9.2342609522446051e-02,  1.8738756876240797e-01,  2.0535870891001540e-01,  1.1521117936053361e-01,  1.5365273679161709e-01,  2.1195607732195917e-02,  1.3293029762464211e-02,  9.9499199882932478e-04
   112,  8.3475e+01, -1.1959213996968196e-01,  9.2342609522446051e-02,  1.8738756876240797e-01,  2.0535870891001540e-01,  1.1521117936053361e-01,  1.5365173679161709e-01,  2.1196607732195918e-02,  1.3293029762464211e-02,  9.9499240977344249e-04
   113,  8.3475e+01, -1.1959213996968196e-01,  9.2342609522446051e-02,  1.8738756876240797e-01,  2.0535870891001540e-01,  1.1521117936053361e-01,  1.5365173679161709e-01,  2.1195607732195917e-02,  1.3294029762464210e-02,  9.9499027794607963e-04
   114,  8.6700e+01, -1.1902500147080275e-01,  9.4026757260371893e-02,  1.8421726342212280e-01,  2.0950862383154126e-01,  1.1599093131270066e-01,  1.5080186900409498e-01,  2.1749954859301625e-02,  1.4314381825763013e-02,  9.9108273639529707e-04
   115,  9.0366e+01, -1.1902500147080275e-01,  9.4026757260371893e-02,  1.8421726342212280e-01,  2.0950862383154126e-01,  1.1599093131270066e-01,  1.5080186900409498e-01,  2.1749954859301625e-02,  1.4314381825763013e-02,  9.9108273639529707e-04
   116,  9.0366e+01, -1.1902400147080275e-01,  9.4026757260371893e-02,  1.8421726342212280e-01,  2.0950862383154126e-01,  1.1599093131270066e-01,  1.5080186900409498e-01,  2.1749954859301625e-02,  1.4314381825763013e-02,  9.9106362668477149e-04
   117,  9.0366e+01, -1.1902500147080275e-01,  9.4027757260371894e-02,  1.8421726342212280e-01,  2.0950862383154126e-01,  1.1599093131270066e-01,  1.5080186900409498e-01,  2.1749954859301625e-02,  1.4314381825763013e-02,  9.9111603205861076e-04
   118,  9.0366e+01, -1.1902500147080275e-01,  9.4026757260371893e-02,  1.8421826342212280e-01,  2.0950862383154126e-01,  1.1599093131270066e-01,  1.5080186900409498e-01,  2.1749954859301625e-02,  1.4314381825763013e-02,  9.9103124251799274e-04
   119,  9.0366e+01, -1.1902500147080275e-01,  9.4026757260371893e-02,  1.8421726342212280e-01,  2.0950962383154126e-01,  1.1599093131270066e-01,  1.5080186900409498e-01,  2.1749954859301625e-02,  1.4314381825763013e-02,  9.9103345472318456e-04
   120,  9.0366e+01, -1.1902500147080275e-01,  9.4026757260371893e-02,  1.8421726342212280e-01,  2.0950862383154126e-01,  1.1599193131270066e-01,  1.5080186900409498e-01,  2.1749954859301625e-02,  1.4314381825763013e-02,  9.9108252392166485e-04
   121,  9.0366e+01, -1.1902500147080275e-01,  9.4026757260371893e-02,  1.8421726342212280e-01,  2.0950862383154126e-01,  1.1599093131270066e-01,  1.5080286900409498e-01,  2.1749954859301625e-02,  1.4314381825763013e-02,  9.9108253660598286e-04
   122,  9.0366e+01, -1.1902500147080275e-01,  9.4026757260371893e-02,  1.8421726342212280e-01,  2.0950862383154126e-01,  1.1599093131270066e-01,  1.5080186900409498e-01,  2.1750954859301626e-02,  1.4314381825763013e-02,  9.9108347643767753e-04
   123,  9.0366e+01, -1.1902500147080275e-01,  9.4026757260371893e-02,  1.8421726342212280e-01,  2.0950862383154126e-01,  1.1599093131270066e-01,  1.5080186900409498e-01,  2.1749954859301625e-02,  1.4315381825763012e-02,  9.9108012431484561e-04
   124,  9.3592e+01, -1.1885189177258053e-01,  9.4896134169195567e-02,  1.8289823607548619e-01,  2.1146753240325367e-01,  1.1638343133412327e-01,  1.4963610679400036e-01,  2.1984959505539733e-02,  1.4786811735055552e-02,  9.8853056521407134e-04
   125,  9.6867e+01, -1.1885189177258053e-01,  9.4896134169195567e-02,  1.8289823607548619e-01,  2.1146753240325367e-01,  1.1638343133412327e-01,  1.4963610679400036e-01,  2.1984959505539733e-02,  1.4786811735055552e-02,  9.8853056521407134e-04
   126,  9.6867e+01, -1.1885089177258053e-01,  9.4896134169195567e-02,  1.8289823607548619e-01,  2.1146753240325367e-01,  1.1638343133412327e-01,  1.4963610679400036e-01,  2.1984959505539733e-02,  1.4786811735055552e-02,  9.8852664152436769e-04
   127,  9.6867e+01, -1.1885189177258053e-01,  9.4897134169195568e-02,  1.8289823607548619e-01,  2.1146753240325367e-01,  1.1638343133412327e-01,  1.4963610679400036e-01,  2.1984959505539733e-02,  1.4786811735055552e-02,  9.8853711686007701e-04
   128,  9.6867e+01, -1.1885189177258053e-01,  9.4896134169195567e-02,  1.8289923607548619e-01,  2.1146753240325367e-01,  1.1638343133412327e-01,  1.4963610679400036e-01,  2.1984959505539733e-02,  1.4786811735055552e-02,  9.8852060448213156e-04
   129,  9.6867e+01, -1.1885189177258053e-01,  9.4896134169195567e-02,  1.8289823607548619e-01,  2.1146853240325367e-01,  1.1638343133412327e-01,  1.4963610679400036e-01,  2.1984959505539733e-02,  1.4786811735055552e-02,  9.8852119124512175e-04
   130,  9.6867e+01, -1.1885189177258053e-01,  9.4896134169195567e-02,  1.8289823607548619e-01,  2.1146753240325367e-01,  1.1638443133412327e-01,  1.4963610679400036e-01,  2.1984959505539733e-02,  1.4786811735055552e-02,  9.8853054059902220e-04
   131,  9.6867e+01, -1.1885189177258053e-01,  9.4896134169195567e-02,  1.8289823607548619e-01,  2.1146753240325367e-01,  1.1638343133412327e-01,  1.4963710679400036e-01,  2.1984959505539733e-02,  1.4786811735055552e-02,  9.8853052367425288e-04
   132,  9.6867e+01, -1.1885189177258053e-01,  9.4896134169195567e-02,  1.8289823607548619e-01,  2.1146753240325367e-01,  1.1638343133412327e-01,  1.4963610679400036e-01,  2.1985959505539734e-02,  1.4786811735055552e-02,  9.8853055677349108e-04
   133,  9.6867e+01, -1.1885189177258053e-01,  9.4896134169195567e-02,  1.8289823607548619e-01,  2.1146753240325367e-01,  1.1638343133412327e-01,  1.4963610679400036e-01,  2.1984959505539733e-02,  1.4787811735055551e-02,  9.8852987070771744e-04
   134,  1.0010e+02, -1.1869894044847476e-01,  9.5612357372524132e-02,  1.8173076025046797e-01,  2.1314458404124287e-01,  1.1668541787434748e-01,  1.4859932701845413e-01,  2.2211415026890589e-02,  1.5203808604097330e-02,  9.8814171735155565e-04
   135,  1.0336e+02, -1.1869894044847476e-01,  9.5612357372524132e-02,  1.8173076025046797e-01,  2.1314458404124287e-01,  1.1668541787434748e-01,  1.4859932701845413e-01,  2.2211415026890589e-02,  1.5203808604097330e-02,  9.8814171735155565e-04
   136,  1.0336e+02, -1.1869794044847476e-01,  9.5612357372524132e-02,  1.8173076025046797e-01,  2.1314458404124287e-01,  1.1668541787434748e-01,  1.4859932701845413e-01,  2.2211415026890589e-02,  1.5203808604097330e-02,  9.8813864481470462e-04
   137,  1.0336e+02, -1.1869894044847476e-01,  9.5613357372524133e-02,  1.8173076025046797e-01,  2.1314458404124287e-01,  1.1668541787434748e-01,  1.4859932701845413e-01,  2.2211415026890589e-02,  1.5203808604097330e-02,  9.8814679649289949e-04
   138,  1.0336e+02, -1.1869894044847476e-01,  9.5612357372524132e-02,  1.8173176025046797e-01,  2.1314458404124287e-01,  1.1668541787434748e-01,  1.4859932701845413e-01,  2.2211415026890589e-02,  1.5203808604097330e-02,  9.8813410658534569e-04
   139,  1.0336e+02, -1.1869894044847476e-01,  9.5612357372524132e-02,  1.8173076025046797e-01,  2.1314558404124287e-01,  1.1668541787434748e-01,  1.4859932701845413e-01,  2.2211415026890589e-02,  1.5203808604097330e-02,  9.8813488916769704e-04
   140,  1.0336e+02, -1.1869894044847476e-01,  9.5612357372524132e-02,  1.8173076025046797e-01,  2.1314458404124287e-01,  1.1668641787434748e-01,  1.4859932701845413e-01,  2.2211415026890589e-02,  1.5203808604097330e-02,  9.8814170690292085e-04
   141,  1.0336e+02, -1.1869894044847476e-01,  9.5612357372524132e-02,  1.8173076025046797e-01,  2.1314458404124287e-01,  1.1668541787434748e-01,  1.4860032701845413e-01,  2.2211415026890589e-02,  1.5203808604097330e-02,  9.8814168765231280e-04
   142,  1.0336e+02, -1.1869894044847476e-01,  9.5612357372524132e-02,  1.8173076025046797e-01,  2.1314458404124287e-01,  1.1668541787434748e-01,  1.4859932701845413e-01,  2.2212415026890590e-02,  1.5203808604097330e-02,  9.8814166571237769e-04
   143,  1.0336e+02, -1.1869894044847476e-01,  9.5612357372524132e-02,  1.8173076025046797e-01,  2.1314458404124287e-01,  1.1668541787434748e-01,  1.4859932701845413e-01,  2.2211415026890589e-02,  1.5204808604097330e-02,  9.8814117324962070e-04
   144,  1.0658e+02, -1.1863124651992869e-01,  9.5796211911172921e-02,  1.8156728780356324e-01,  2.1342925985049990e-01,  1.1671968928038513e-01,  1.4836210826014598e-01,  2.2173983709315687e-02,  1.5237723748384254e-02,  9.8809446300078627e-04
   145,  1.0992e+02, -1.1863124651992869e-01,  9.5796211911172921e-02,  1.8156728780356324e-01,  2.1342925985049990e-01,  1.1671968928038513e-01,  1.4836210826014598e-01,  2.2173983709315687e-02,  1.5237723748384254e-02,  9.8809446300078627e-04
   146,  1.0992e+02, -1.1863024651992869e-01,  9.5796211911172921e-02,  1.8156728780356324e-01,  2.1342925985049990e-01,  1.1671968928038513e-01,  1.4836210826014598e-01,  2.2173983709315687e-02,  1.5237723748384254e-02,  9.8809452523234559e-04
   147,  1.0992e+02, -1.1863124651992869e-01,  9.5797211911172922e-02,  1.8156728780356324e-01,  2.1342925985049990e-01,  1.1671968928038513e-01,  1.4836210826014598e-01,  2.2173983709315687e-02,  1.5237723748384254e-02,  9.8809481991054171e-04
   148,  1.0992e+02, -1.1863124651992869e-01,  9.5796211911172921e-02,  1.8156828780356324e-01,  2.1342925985049990e-01,  1.1671968928038513e-01,  1.4836210826014598e-01,  2.2173983709315687e-02,  1.5237723748384254e-02,  9.8809477476239087e-04
   149,  1.0992e+02, -1.1863124651992869e-01,  9.5796211911172921e-02,  1.8156728780356324e-01,  2.1343025985049990e-01,  1.1671968928038513e-01,  1.4836210826014598e-01,  2.2173983709315687e-02,  1.5237723748384254e-02,  9.8809478065434012e-04
   150,  1.0992e+02, -1.1863124651992869e-01,  9.5796211911172921e-02,  1.8156728780356324e-01,  2.1342925985049990e-01,  1.1672068928038513e-01,  1.4836210826014598e-01,  2.2173983709315687e-02,  1.5237723748384254e-02,  9.8809446397217721e-04
   151,  1.0992e+02, -1.1863124651992869e-01,  9.5796211911172921e-02,  1.8156728780356324e-01,  2.1342925985049990e-01,  1.1671968928038513e-01,  1.4836310826014598e-01,  2.2173983709315687e-02,  1.5237723748384254e-02,  9.8809446013671531e-04
   152,  1.0992e+02, -1.1863124651992869e-01,  9.5796211911172921e-02,  1.8156728780356324e-01,  2.1342925985049990e-01,  1.1671968928038513e-01,  1.4836210826014598e-01,  2.2174983709315688e-02,  1.5237723748384254e-02,  9.8809453894326839e-04
   153,  1.0992e+02, -1.1863124651992869e-01,  9.5796211911172921e-02,  1.8156728780356324e-01,  2.1342925985049990e-01,  1.1671968928038513e-01,  1.4836210826014598e-01,  2.2173983709315687e-02,  1.5238723748384253e-02,  9.8809445616806612e-04
   154,  1.1315e+02, -1.1863425402527547e-01,  9.5791234477825629e-02,  1.8157503855215337e-01,  2.1341888089964792e-01,  1.1671664201940674e-01,  1.4836705443634796e-01,  2.2173740756140335e-02,  1.5236784831708389e-02,  9.8809440037209584e-04
   155,  1.1642e+02, -1.1863425402527547e-01,  9.5791234477825629e-02,  1.8157503855215337e-01,  2.1341888089964792e-01,  1.1671664201940674e-01,  1.4836705443634796e-01,  2.2173740756140335e-02,  1.5236784831708389e-02,  9.8809440037209584e-04
   156,  1.1642e+02, -1.1863325402527547e-01,  9.5791234477825629e-02,  1.8157503855215337e-01,  2.1341888089964792e-01,  1.1671664201940674e-01,  1.4836705443634796e-01,  2.2173740756140335e-02,  1.5236784831708389e-02,  9.8809452880397469e-04
   157,  1.1642e+02, -1.1863425402527547e-01,  9.5792234477825630e-02,  1.8157503855215337e-01,  2.1341888089964792e-01,  1.1671664201940674e-01,  1.4836705443634796e-01,  2.2173740756140335e-02,  1.5236784831708389e-02,  9.8809468605422918e-04
   158,  1.1642e+02, -1.1863425402527547e-01,  9.5791234477825629e-02,  1.8157603855215337e-01,  2.1341888089964792e-01,  1.1671664201940674e-01,  1.4836705443634796e-01,  2.2173740756140335e-02,  1.5236784831708389e-02,  9.8809488855578962e-04
   159,  1.1642e+02, -1.1863425402527547e-01,  9.5791234477825629e-02,  1.8157503855215337e-01,  2.1341988089964792e-01,  1.1671664201940674e-01,  1.4836705443634796e-01,  2.2173740756140335e-02,  1.5236784831708389e-02,  9.8809484860760575e-04
   160,  1.1642e+02, -1.1863425402527547e-01,  9.5791234477825629e-02,  1.8157503855215337e-01,  2.1341888089964792e-01,  1.1671764201940674e-01,  1.4836705443634796e-01,  2.2173740756140335e-02,  1.5236784831708389e-02,  9.8809440093333505e-04
   161,  1.1642e+02, -1.1863425402527547e-01,  9.5791234477825629e-02,  1.8157503855215337e-01,  2.1341888089964792e-01,  1.1671664201940674e-01,  1.4836805443634796e-01,  2.2173740756140335e-02,  1.5236784831708389e-02,  9.8809440057406319e-04
   162,  1.1642e+02, -1.1863425402527547e-01,  9.5791234477825629e-02,  1.8157503855215337e-01,  2.1341888089964792e-01,  1.1671664201940674e-01,  1.4836705443634796e-01,  2.2174740756140336e-02,  1.5236784831708389e-02,  9.8809447484173572e-04
   163,  1.1642e+02, -1.1863425402527547e-01,  9.5791234477825629e-02,  1.8157503855215337e-01,  2.1341888089964792e-01,  1.1671664201940674e-01,  1.4836705443634796e-01,  2.2173740756140335e-02,  1.5237784831708389e-02,  9.8809445692720150e-04
   164,  1.1964e+02, -1.1863625159894854e-01,  9.5794098795386279e-02,  1.8156344691194298e-01,  2.1343405620005917e-01,  1.1671886053445275e-01,  1.4836341456039701e-01,  2.2180734711766951e-02,  1.5242901414425929e-02,  9.8809442547268152e-04
   165,  1.2286e+02, -1.1863627688868394e-01,  9.5792170312455821e-02,  1.8156757632784881e-01,  2.1342831088952696e-01,  1.1671779756615179e-01,  1.4836613783787980e-01,  2.2179241892078833e-02,  1.5241128360807652e-02,  9.8809441112519955e-04
   166,  1.2609e+02, -1.1863592031886920e-01,  9.5790376088208465e-02,  1.8157244133727909e-01,  2.1342172103640042e-01,  1.1671666334107045e-01,  1.4836863520631741e-01,  2.2176956616739806e-02,  1.5238825436147560e-02,  9.8809440170599520e-04
   167,  1.2931e+02, -1.1863479899394511e-01,  9.5790771467711949e-02,  1.8157459858934355e-01,  2.1341924482853286e-01,  1.1671645574209225e-01,  1.4836796919127065e-01,  2.2174630629395915e-02,  1.5237270799490299e-02,  9.8809440030667639e-04
   168,  1.3355e+02, -1.1863479899394511e-01,  9.5790771467711949e-02,  1.8157459858934355e-01,  2.1341924482853286e-01,  1.1671645574209225e-01,  1.4836796919127065e-01,  2.2174630629395915e-02,  1.5237270799490299e-02,  9.8809440030667639e-04
   169,  1.3355e+02, -1.1863379899394511e-01,  9.5790771467711949e-02,  1.8157459858934355e-01,  2.1341924482853286e-01,  1.1671645574209225e-01,  1.4836796919127065e-01,  2.2174630629395915e-02,  1.5237270799490299e-02,  9.8809452560718962e-04
   170,  1.3355e+02, -1.1863479899394511e-01,  9.5791771467711950e-02,  1.8157459858934355e-01,  2.1341924482853286e-01,  1.1671645574209225e-01,  1.4836796919127065e-01,  2.2174630629395915e-02,  1.5237270799490299e-02,  9.8809468491181727e-04
   171,  1.3355e+02, -1.1863479899394511e-01,  9.5790771467711949e-02,  1.8157559858934355e-01,  2.1341924482853286e-01,  1.1671645574209225e-01,  1.4836796919127065e-01,  2.2174630629395915e-02,  1.5237270799490299e-02,  9.8809488623703354e-04
   172,  1.3355e+02, -1.1863479899394511e-01,  9.5790771467711949e-02,  1.8157459858934355e-01,  2.1342024482853286e-01,  1.1671645574209225e-01,  1.4836796919127065e-01,  2.2174630629395915e-02,  1.5237270799490299e-02,  9.8809484915477483e-04
   173,  1.3355e+02, -1.1863479899394511e-01,  9.5790771467711949e-02,  1.8157459858934355e-01,  2.1341924482853286e-01,  1.1671745574209225e-01,  1.4836796919127065e-01,  2.2174630629395915e-02,  1.5237270799490299e-02,  9.8809440042636927e-04
   174,  1.3355e+02, -1.1863479899394511e-01,  9.5790771467711949e-02,  1.8157459858934355e-01,  2.1341924482853286e-01,  1.1671645574209225e-01,  1.4836896919127066e-01,  2.2174630629395915e-02,  1.5237270799490299e-02,  9.8809440071061759e-04
   175,  1.3355e+02, -1.1863479899394511e-01,  9.5790771467711949e-02,  1.8157459858934355e-01,  2.1341924482853286e-01,  1.1671645574209225e-01,  1.4836796919127065e-01,  2.2175630629395916e-02,  1.5237270799490299e-02,  9.8809447192434868e-04
   176,  1.3355e+02, -1.1863479899394511e-01,  9.5790771467711949e-02,  1.8157459858934355e-01,  2.1341924482853286e-01,  1.1671645574209225e-01,  1.4836796919127065e-01,  2.2174630629395915e-02,  1.5238270799490299e-02,  9.8809445627227378e-04
   177,  1.3678e+02, -1.1863493202268337e-01,  9.5790536250479230e-02,  1.8157447996156351e-01,  2.1341925745269055e-01,  1.1671703004889579e-01,  1.4836822296333721e-01,  2.2174891130605119e-02,  1.5237434696805731e-02,  9.8809439997751022e-04
   178,  1.4004e+02, -1.1863493202268337e-01,  9.5790536250479230e-02,  1.8157447996156351e-01,  2.1341925745269055e-01,  1.1671703004889579e-01,  1.4836822296333721e-01,  2.2174891130605119e-02,  1.5237434696805731e-02,  9.8809439997751022e-04
   179,  1.4004e+02, -1.1863393202268337e-01,  9.5790536250479230e-02,  1.8157447996156351e-01,  2.1341925745269055e-01,  1.1671703004889579e-01,  1.4836822296333721e-01,  2.2174891130605119e-02,  1.5237434696805731e-02,  9.8809452711559652e-04
   180,  1.4004e+02, -1.1863493202268337e-01,  9.5791536250479231e-02,  1.8157447996156351e-01,  2.1341925745269055e-01,  1.1671703004889579e-01,  1.4836822296333721e-01,  2.2174891130605119e-02,  1.5237434696805731e-02,  9.8809468438738370e-04
   181,  1.4004e+02, -1.1863493202268337e-01,  9.5790536250479230e-02,  1.8157547996156351e-01,  2.1341925745269055e-01,  1.1671703004889579e-01,  1.4836822296333721e-01,  2.2174891130605119e-02,  1.5237434696805731e-02,  9.8809488642070844e-04
   182,  1.4004e+02, -1.1863493202268337e-01,  9.5790536250479230e-02,  1.8157447996156351e-01,  2.1342025745269055e-01,  1.1671703004889579e-01,  1.4836822296333721e-01,  2.2174891130605119e-02,  1.5237434696805731e-02,  9.8809484863885202e-04
   183,  1.4004e+02, -1.1863493202268337e-01,  9.5790536250479230e-02,  1.8157447996156351e-01,  2.1341925745269055e-01,  1.1671803004889579e-01,  1.4836822296333721e-01,  2.2174891130605119e-02,  1.5237434696805731e-02,  9.8809440032530862e-04
   184,  1.4004e+02, -1.1863493202268337e-01,  9.5790536250479230e-02,  1.8157447996156351e-01,  2.1341925745269055e-01,  1.1671703004889579e-01,  1.4836922296333721e-01,  2.2174891130605119e-02,  1.5237434696805731e-02,  9.8809440044264488e-04
   185,  1.4004e+02, -1.1863493202268337e-01,  9.5790536250479230e-02,  1.8157447996156351e-01,  2.1341925745269055e-01,  1.1671703004889579e-01,  1.4836822296333721e-01,  2.2175891130605120e-02,  1.5237434696805731e-02,  9.8809447279170999e-04
   186,  1.4004e+02, -1.1863493202268337e-01,  9.5790536250479230e-02,  1.8157447996156351e-01,  2.1341925745269055e-01,  1.1671703004889579e-01,  1.4836822296333721e-01,  2.2174891130605119e-02,  1.5238434696805730e-02,  9.8809445645826866e-04
   187,  1.4327e+02, -1.1863524976155285e-01,  9.5790304160263684e-02,  1.8157425570052546e-01,  2.1341946132622097e-01,  1.1671708943556430e-01,  1.4836827885777928e-01,  2.2175360064939535e-02,  1.5237725423954617e-02,  9.8809440029569927e-04
   188,  1.4651e+02, -1.1863513576797619e-01,  9.5790393304209701e-02,  1.8157436532489779e-01,  2.1341936086790322e-01,  1.1671709683205803e-01,  1.4836814540946119e-01,  2.2175164983365147e-02,  1.5237614723287177e-02,  9.8809440027482339e-04
   189,  1.4974e+02, -1.1863501194255717e-01,  9.5790496960506802e-02,  1.8157445705712175e-01,  2.1341928566513566e-01,  1.1671711323696286e-01,  1.4836800475590536e-01,  2.2174966518090936e-02,  1.5237505702872000e-02,  9.8809440030843214e-04
   190,  1.5296e+02, -1.1863495383769350e-01,  9.5790532347632809e-02,  1.8157448051725647e-01,  2.1341926206527326e-01,  1.1671711109950191e-01,  1.4836804207487858e-01,  2.2174896267640867e-02,  1.5237457216928334e-02,  9.8809439974487036e-04
   191,  1.5623e+02, -1.1863495383769350e-01,  9.5790532347632809e-02,  1.8157448051725647e-01,  2.1341926206527326e-01,  1.1671711109950191e-01,  1.4836804207487858e-01,  2.2174896267640867e-02,  1.5237457216928334e-02,  9.8809439974487036e-04
   192,  1.5623e+02, -1.1863395383769350e-01,  9.5790532347632809e-02,  1.8157448051725647e-01,  2.1341926206527326e-01,  1.1671711109950191e-01,  1.4836804207487858e-01,  2.2174896267640867e-02,  1.5237457216928334e-02,  9.8809452621259099e-04
   193,  1.5623e+02, -1.1863495383769350e-01,  9.5791532347632810e-02,  1.8157448051725647e-01,  2.1341926206527326e-01,  1.1671711109950191e-01,  1.4836804207487858e-01,  2.2174896267640867e-02,  1.5237457216928334e-02,  9.8809468452744440e-04
   194,  1.5623e+02, -1.1863495383769350e-01,  9.5790532347632809e-02,  1.8157548051725647e-01,  2.1341926206527326e-01,  1.1671711109950191e-01,  1.4836804207487858e-01,  2.2174896267640867e-02,  1.5237457216928334e-02,  9.8809488618287200e-04
   195,  1.5623e+02, -1.1863495383769350e-01,  9.5790532347632809e-02,  1.8157448051725647e-01,  2.1342026206527326e-01,  1.1671711109950191e-01,  1.4836804207487858e-01,  2.2174896267640867e-02,  1.5237457216928334e-02,  9.8809484885040979e-04
   196,  1.5623e+02, -1.1863495383769350e-01,  9.5790532347632809e-02,  1.8157448051725647e-01,  2.1341926206527326e-01,  1.1671811109950191e-01,  1.4836804207487858e-01,  2.2174896267640867e-02,  1.5237457216928334e-02,  9.8809440074651617e-04
   197,  1.5623e+02, -1.1863495383769350e-01,  9.5790532347632809e-02,  1.8157448051725647e-01,  2.1341926206527326e-01,  1.1671711109950191e-01,  1.4836904207487858e-01,  2.2174896267640867e-02,  1.5237457216928334e-02,  9.8809440064726852e-04
   198,  1.5623e+02, -1.1863495383769350e-01,  9.5790532347632809e-02,  1.8157448051725647e-01,  2.1341926206527326e-01,  1.1671711109950191e-01,  1.4836804207487858e-01,  2.2175896267640868e-02,  1.5237457216928334e-02,  9.8809447255195733e-04
   199,  1.5623e+02, -1.1863495383769350e-01,  9.5790532347632809e-02,  1.8157448051725647e-01,  2.1341926206527326e-01,  1.1671711109950191e-01,  1.4836804207487858e-01,  2.2174896267640867e-02,  1.5238457216928333e-02,  9.8809445649913202e-04
   200,  1.5945e+02, -1.1863500922578779e-01,  9.5790562022374751e-02,  1.8157452066300647e-01,  2.1341926279571258e-01,  1.1671628987784831e-01,  1.4836704751507171e-01,  2.2174894831084264e-02,  1.5237482594705453e-02,  9.8809440118114312e-04
   201,  1.6275e+02, -1.1863499294042160e-01,  9.5790550203152122e-02,  1.8157450545270515e-01,  2.1341926372720740e-01,  1.1671638508252596e-01,  1.4836715727733074e-01,  2.2174896810649478e-02,  1.5237480392858256e-02,  9.8809440065494207e-04
   202,  1.6599e+02, -1.1863496448875452e-01,  9.5790535950303971e-02,  1.8157448655916583e-01,  2.1341926206939632e-01,  1.1671663052267342e-01,  1.4836746203182938e-01,  2.2174895414793023e-02,  1.5237467766719533e-02,  9.8809440056992631e-04
   203,  1.6922e+02, -1.1863495450607646e-01,  9.5790531993785191e-02,  1.8157448061835793e-01,  2.1341926187832402e-01,  1.1671698434572321e-01,  1.4836788583647800e-01,  2.2174895759913167e-02,  1.5237457542787786e-02,  9.8809440081928566e-04
   204,  1.7244e+02, -1.1863495391342492e-01,  9.5790532283619279e-02,  1.8157448050206162e-01,  2.1341926205841863e-01,  1.1671710178508236e-01,  1.4836803017923839e-01,  2.2174896189281309e-02,  1.5237457133307796e-02,  9.8809440026535657e-04
   205,  1.7567e+02, -1.1863495384032290e-01,  9.5790532345467402e-02,  1.8157448051670899e-01,  2.1341926206509476e-01,  1.1671711080509696e-01,  1.4836804169746140e-01,  2.2174896264937929e-02,  1.5237457213874957e-02,  9.8809440002553409e-04
   206,  1.7889e+02, -1.1863495383773473e-01,  9.5790532347598892e-02,  1.8157448051724787e-01,  2.1341926206527048e-01,  1.1671711109490016e-01,  1.4836804206897855e-01,  2.2174896267598495e-02,  1.5237457216880392e-02,  9.8809440035145090e-04
   207,  1.8211e+02, -1.1863495383769382e-01,  9.5790532347632545e-02,  1.8157448051725641e-01,  2.1341926206527323e-01,  1.1671711109946595e-01,  1.4836804207483248e-01,  2.2174896267640538e-02,  1.5237457216927959e-02,  9.8809440023949618e-04
   208,  1.8534e+02, -1.1863495383769350e-01,  9.5790532347632809e-02,  1.8157448051725647e-01,  2.1341926206527326e-01,  1.1671711109950177e-01,  1.4836804207487841e-01,  2.2174896267640867e-02,  1.5237457216928332e-02,  9.8809440028259691e-04
   209,  1.8855e+02, -1.1863495383769350e-01,  9.5790532347632809e-02,  1.8157448051725647e-01,  2.1341926206527326e-01,  1.1671711109950191e-01,  1.4836804207487858e-01,  2.2174896267640867e-02,  1.5237457216928334e-02,  9.8809439974487036e-04
   210,  1.9177e+02, -1.1863495383769350e-01,  9.5790532347632809e-02,  1.8157448051725647e-01,  2.1341926206527326e-01,  1.1671711109950191e-01,  1.4836804207487858e-01,  2.2174896267640867e-02,  1.5237457216928334e-02,  9.8809439974487036e-04
   211,  1.9499e+02, -1.1863495383769350e-01,  9.5790532347632809e-02,  1.8157448051725647e-01,  2.1341926206527326e-01,  1.1671711109950191e-01,  1.4836804207487858e-01,  2.2174896267640867e-02,  1.5237457216928334e-02,  9.8809439974487036e-04
   212,  1.9821e+02, -1.1863495383769350e-01,  9.5790532347632809e-02,  1.8157448051725647e-01,  2.1341926206527326e-01,  1.1671711109950191e-01,  1.4836804207487858e-01,  2.2174896267640867e-02,  1.5237457216928334e-02,  9.8809439974487036e-04
   213,  2.0144e+02, -1.1863495383769350e-01,  9.5790532347632809e-02,  1.8157448051725647e-01,  2.1341926206527326e-01,  1.1671711109950191e-01,  1.4836804207487858e-01,  2.2174896267640867e-02,  1.5237457216928334e-02,  9.8809439974487036e-04
   214,  2.0465e+02, -1.1863495383769350e-01,  9.5790532347632809e-02,  1.8157448051725647e-01,  2.1341926206527326e-01,  1.1671711109950191e-01,  1.4836804207487858e-01,  2.2174896267640867e-02,  1.5237457216928334e-02,  9.8809439974487036e-04
   215,  2.0786e+02, -1.1863495383769350e-01,  9.5790532347632809e-02,  1.8157448051725647e-01,  2.1341926206527326e-01,  1.1671711109950191e-01,  1.4836804207487858e-01,  2.2174896267640867e-02,  1.5237457216928334e-02,  9.8809439974487036e-04
   190,  1.5296e+02, -1.1863495383769350e-01,  9.5790532347632809e-02,  1.8157448051725647e-01,  2.1341926206527326e-01,  1.1671711109950191e-01,  1.4836804207487858e-01,  2.2174896267640867e-02,  1.5237457216928334e-02,  9.8809439974487036e-04
