Problem type:
least_squares
nparams:
8
function_evaluation,seconds,x(0),x(1),x(2),x(3),x(4),x(5),x(6),x(7),objective_function
     0,  1.7750e+00,  1.4999999999999999e-01,  0.0000000000000000e+00,  2.0000000000000001e-01,  0.0000000000000000e+00,  1.4999999999999999e-01,  0.0000000000000000e+00,  2.0699999999999999e-01,  0.0000000000000000e+00,  1.3661282491297364e+00
     1,  3.5964e+00,  1.5000001490116119e-01,  0.0000000000000000e+00,  2.0000000000000001e-01,  0.0000000000000000e+00,  1.4999999999999999e-01,  0.0000000000000000e+00,  2.0699999999999999e-01,  0.0000000000000000e+00,  1.3661282438360129e+00
     2,  5.4063e+00,  1.4999999999999999e-01,  1.4901161193847656e-08,  2.0000000000000001e-01,  0.0000000000000000e+00,  1.4999999999999999e-01,  0.0000000000000000e+00,  2.0699999999999999e-01,  0.0000000000000000e+00,  1.3661281921314301e+00
     3,  7.1909e+00,  1.4999999999999999e-01,  0.0000000000000000e+00,  2.0000001490116120e-01,  0.0000000000000000e+00,  1.4999999999999999e-01,  0.0000000000000000e+00,  2.0699999999999999e-01,  0.0000000000000000e+00,  1.3661286465812019e+00
     4,  9.3837e+00,  1.4999999999999999e-01,  0.0000000000000000e+00,  2.0000000000000001e-01,  1.4901161193847656e-08,  1.4999999999999999e-01,  0.0000000000000000e+00,  2.0699999999999999e-01,  0.0000000000000000e+00,  1.3661281901958455e+00
     5,  1.1979e+01,  1.4999999999999999e-01,  0.0000000000000000e+00,  2.0000000000000001e-01,  0.0000000000000000e+00,  1.5000001490116119e-01,  0.0000000000000000e+00,  2.0699999999999999e-01,  0.0000000000000000e+00,  1.3661282439491247e+00
     6,  1.4116e+01,  1.4999999999999999e-01,  0.0000000000000000e+00,  2.0000000000000001e-01,  0.0000000000000000e+00,  1.4999999999999999e-01,  1.4901161193847656e-08,  2.0699999999999999e-01,  0.0000000000000000e+00,  1.3661281909158216e+00
     7,  1.6283e+01,  1.4999999999999999e-01,  0.0000000000000000e+00,  2.0000000000000001e-01,  0.0000000000000000e+00,  1.4999999999999999e-01,  0.0000000000000000e+00,  2.0700001490116118e-01,  0.0000000000000000e+00,  1.3661286339421366e+00
     8,  1.8295e+01,  1.4999999999999999e-01,  0.0000000000000000e+00,  2.0000000000000001e-01,  0.0000000000000000e+00,  1.4999999999999999e-01,  0.0000000000000000e+00,  2.0699999999999999e-01,  1.4901161193847656e-08,  1.3661281927897919e+00
     9,  2.2032e+01,  3.7398771337679604e-01, -1.0301785873079772e-01,  1.6615393561876385e-01,  7.1243993961093727e-03,  3.8047335209750610e-01,  9.5921651870244526e-02,  1.4843880910325236e-01, -1.1007701580204355e-02,  5.0938932137676192e+00
    10,  2.3948e+01,  1.9301217837451318e-01, -1.3863387319998411e-02,  1.5773671095881323e-01,  1.7461127167138588e-03,  1.9221739397353690e-01,  1.2241006332641030e-02,  1.5989720907428895e-01, -2.8746287329957528e-03,  2.3356686570195376e-01
    11,  2.5892e+01,  1.9301219327567437e-01, -1.3863387319998411e-02,  1.5773671095881323e-01,  1.7461127167138588e-03,  1.9221739397353690e-01,  1.2241006332641030e-02,  1.5989720907428895e-01, -2.8746287329957528e-03,  2.3356685897749416e-01
    12,  2.7724e+01,  1.9301217837451318e-01, -1.3863402221159605e-02,  1.5773671095881323e-01,  1.7461127167138588e-03,  1.9221739397353690e-01,  1.2241006332641030e-02,  1.5989720907428895e-01, -2.8746287329957528e-03,  2.3356683197568762e-01
    13,  2.9623e+01,  1.9301217837451318e-01, -1.3863387319998411e-02,  1.5773672585997442e-01,  1.7461127167138588e-03,  1.9221739397353690e-01,  1.2241006332641030e-02,  1.5989720907428895e-01, -2.8746287329957528e-03,  2.3356668390487917e-01
    14,  3.1422e+01,  1.9301217837451318e-01, -1.3863387319998411e-02,  1.5773671095881323e-01,  1.7461276178750527e-03,  1.9221739397353690e-01,  1.2241006332641030e-02,  1.5989720907428895e-01, -2.8746287329957528e-03,  2.3356690785078271e-01
    15,  3.3292e+01,  1.9301217837451318e-01, -1.3863387319998411e-02,  1.5773671095881323e-01,  1.7461127167138588e-03,  1.9221740887469810e-01,  1.2241006332641030e-02,  1.5989720907428895e-01, -2.8746287329957528e-03,  2.3356685937348140e-01
    16,  3.5158e+01,  1.9301217837451318e-01, -1.3863387319998411e-02,  1.5773671095881323e-01,  1.7461127167138588e-03,  1.9221739397353690e-01,  1.2241021233802224e-02,  1.5989720907428895e-01, -2.8746287329957528e-03,  2.3356690527332341e-01
    17,  3.7023e+01,  1.9301217837451318e-01, -1.3863387319998411e-02,  1.5773671095881323e-01,  1.7461127167138588e-03,  1.9221739397353690e-01,  1.2241006332641030e-02,  1.5989722397545014e-01, -2.8746287329957528e-03,  2.3356668460332219e-01
    18,  3.8931e+01,  1.9301217837451318e-01, -1.3863387319998411e-02,  1.5773671095881323e-01,  1.7461127167138588e-03,  1.9221739397353690e-01,  1.2241006332641030e-02,  1.5989720907428895e-01, -2.8746436341569466e-03,  2.3356683383937649e-01
    19,  4.2798e+01,  2.4600274587638676e-01, -1.2392306971298832e-01,  1.8518380245139890e-01, -1.9604659702705349e-02,  2.4661433357201595e-01,  1.2490609855100566e-01,  1.6404752964438568e-01,  9.8628180279373284e-03,  5.6820667877079387e+00
    20,  4.4105e+01,  2.0711003100208350e-01, -3.9706042761150376e-02,  1.7050630826377777e-01, -4.7671280317705990e-03,  2.0650309602342731e-01,  3.8202165028704091e-02,  1.6566032150054052e-01,  9.0517376508543728e-04,  8.2865358433965558e-02
    21,  4.5519e+01,  2.0711004590324469e-01, -3.9706042761150376e-02,  1.7050630826377777e-01, -4.7671280317705990e-03,  2.0650309602342731e-01,  3.8202165028704091e-02,  1.6566032150054052e-01,  9.0517376508543728e-04,  8.2865353934394537e-02
    22,  4.6933e+01,  2.0711003100208350e-01, -3.9706057662311570e-02,  1.7050630826377777e-01, -4.7671280317705990e-03,  2.0650309602342731e-01,  3.8202165028704091e-02,  1.6566032150054052e-01,  9.0517376508543728e-04,  8.2865342134542941e-02
    23,  4.8346e+01,  2.0711003100208350e-01, -3.9706042761150376e-02,  1.7050632316493897e-01, -4.7671280317705990e-03,  2.0650309602342731e-01,  3.8202165028704091e-02,  1.6566032150054052e-01,  9.0517376508543728e-04,  8.2865306808796627e-02
    24,  4.9747e+01,  2.0711003100208350e-01, -3.9706042761150376e-02,  1.7050630826377777e-01, -4.7671429329317928e-03,  2.0650309602342731e-01,  3.8202165028704091e-02,  1.6566032150054052e-01,  9.0517376508543728e-04,  8.2865348707928624e-02
    25,  5.1170e+01,  2.0711003100208350e-01, -3.9706042761150376e-02,  1.7050630826377777e-01, -4.7671280317705990e-03,  2.0650311092458851e-01,  3.8202165028704091e-02,  1.6566032150054052e-01,  9.0517376508543728e-04,  8.2865353824090285e-02
    26,  5.2526e+01,  2.0711003100208350e-01, -3.9706042761150376e-02,  1.7050630826377777e-01, -4.7671280317705990e-03,  2.0650309602342731e-01,  3.8202179929865285e-02,  1.6566032150054052e-01,  9.0517376508543728e-04,  8.2865364176387971e-02
    27,  5.3865e+01,  2.0711003100208350e-01, -3.9706042761150376e-02,  1.7050630826377777e-01, -4.7671280317705990e-03,  2.0650309602342731e-01,  3.8202165028704091e-02,  1.6566033640170172e-01,  9.0517376508543728e-04,  8.2865304665203240e-02
    28,  5.5294e+01,  2.0711003100208350e-01, -3.9706042761150376e-02,  1.7050630826377777e-01, -4.7671280317705990e-03,  2.0650309602342731e-01,  3.8202165028704091e-02,  1.6566032150054052e-01,  9.0518866624663113e-04,  8.2865374436989311e-02
    29,  5.7560e+01,  1.9479593165106093e-01, -1.0088606299006106e-01,  1.8980906344954687e-01,  4.2672773924529242e-03,  2.0377826847628894e-01,  9.6192706005819389e-02,  1.7860943609985702e-01, -9.2784722394593754e-03,  1.7662189912857079e-01
    30,  5.8814e+01,  2.1079031733768938e-01, -5.3792975351061464e-02,  1.7778433799978466e-01, -4.1417044322029500e-03,  2.1045609820106184e-01,  5.2211093395177932e-02,  1.6902351655408693e-01, -2.3926628388989133e-03,  4.1477736925169810e-02
    31,  6.0205e+01,  2.1079033223885058e-01, -5.3792975351061464e-02,  1.7778433799978466e-01, -4.1417044322029500e-03,  2.1045609820106184e-01,  5.2211093395177932e-02,  1.6902351655408693e-01, -2.3926628388989133e-03,  4.1477734018877999e-02
    32,  6.1712e+01,  2.1079031733768938e-01, -5.3792990252222658e-02,  1.7778433799978466e-01, -4.1417044322029500e-03,  2.1045609820106184e-01,  5.2211093395177932e-02,  1.6902351655408693e-01, -2.3926628388989133e-03,  4.1477724591702902e-02
    33,  6.3570e+01,  2.1079031733768938e-01, -5.3792975351061464e-02,  1.7778435290094585e-01, -4.1417044322029500e-03,  2.1045609820106184e-01,  5.2211093395177932e-02,  1.6902351655408693e-01, -2.3926628388989133e-03,  4.1477721264633990e-02
    34,  6.5137e+01,  2.1079031733768938e-01, -5.3792975351061464e-02,  1.7778433799978466e-01, -4.1417193333641439e-03,  2.1045609820106184e-01,  5.2211093395177932e-02,  1.6902351655408693e-01, -2.3926628388989133e-03,  4.1477733418541440e-02
    35,  6.6521e+01,  2.1079031733768938e-01, -5.3792975351061464e-02,  1.7778433799978466e-01, -4.1417044322029500e-03,  2.1045611310222304e-01,  5.2211093395177932e-02,  1.6902351655408693e-01, -2.3926628388989133e-03,  4.1477733720496630e-02
    36,  6.7961e+01,  2.1079031733768938e-01, -5.3792975351061464e-02,  1.7778433799978466e-01, -4.1417044322029500e-03,  2.1045609820106184e-01,  5.2211108296339126e-02,  1.6902351655408693e-01, -2.3926628388989133e-03,  4.1477729863798593e-02
    37,  6.9422e+01,  2.1079031733768938e-01, -5.3792975351061464e-02,  1.7778433799978466e-01, -4.1417044322029500e-03,  2.1045609820106184e-01,  5.2211093395177932e-02,  1.6902353145524812e-01, -2.3926628388989133e-03,  4.1477721894188441e-02
    38,  7.0717e+01,  2.1079031733768938e-01, -5.3792975351061464e-02,  1.7778433799978466e-01, -4.1417044322029500e-03,  2.1045609820106184e-01,  5.2211093395177932e-02,  1.6902351655408693e-01, -2.3926777400601071e-03,  4.1477731984802341e-02
    39,  7.2400e+01,  2.1478426287604546e-01, -8.3002839485953106e-02,  1.9050625388258111e-01, -4.1963801044622353e-03,  2.1589919680873218e-01,  8.1752395026504471e-02,  1.7564703176900220e-01, -6.9132767100094812e-03,  1.2057440319327786e-02
    40,  7.4179e+01,  2.1478427777720666e-01, -8.3002839485953106e-02,  1.9050625388258111e-01, -4.1963801044622353e-03,  2.1589919680873218e-01,  8.1752395026504471e-02,  1.7564703176900220e-01, -6.9132767100094812e-03,  1.2057439901162880e-02
    41,  7.5897e+01,  2.1478426287604546e-01, -8.3002854387114300e-02,  1.9050625388258111e-01, -4.1963801044622353e-03,  2.1589919680873218e-01,  8.1752395026504471e-02,  1.7564703176900220e-01, -6.9132767100094812e-03,  1.2057450160718845e-02
    42,  7.7651e+01,  2.1478426287604546e-01, -8.3002839485953106e-02,  1.9050626878374230e-01, -4.1963801044622353e-03,  2.1589919680873218e-01,  8.1752395026504471e-02,  1.7564703176900220e-01, -6.9132767100094812e-03,  1.2057391809047763e-02
    43,  7.9400e+01,  2.1478426287604546e-01, -8.3002839485953106e-02,  1.9050625388258111e-01, -4.1963950056234291e-03,  2.1589919680873218e-01,  8.1752395026504471e-02,  1.7564703176900220e-01, -6.9132767100094812e-03,  1.2057425357312801e-02
    44,  8.1110e+01,  2.1478426287604546e-01, -8.3002839485953106e-02,  1.9050625388258111e-01, -4.1963801044622353e-03,  2.1589921170989337e-01,  8.1752395026504471e-02,  1.7564703176900220e-01, -6.9132767100094812e-03,  1.2057439963748752e-02
    45,  8.2871e+01,  2.1478426287604546e-01, -8.3002839485953106e-02,  1.9050625388258111e-01, -4.1963801044622353e-03,  2.1589919680873218e-01,  8.1752409927665665e-02,  1.7564703176900220e-01, -6.9132767100094812e-03,  1.2057476288117130e-02
    46,  8.4530e+01,  2.1478426287604546e-01, -8.3002839485953106e-02,  1.9050625388258111e-01, -4.1963801044622353e-03,  2.1589919680873218e-01,  8.1752395026504471e-02,  1.7564704667016340e-01, -6.9132767100094812e-03,  1.2057376285055885e-02
    47,  8.6365e+01,  2.1478426287604546e-01, -8.3002839485953106e-02,  1.9050625388258111e-01, -4.1963801044622353e-03,  2.1589919680873218e-01,  8.1752395026504471e-02,  1.7564703176900220e-01, -6.9132916111706751e-03,  1.2057425690687996e-02
    48,  8.8022e+01,  1.4698029710690858e-01, -1.1411162050701187e-01,  2.0148979525515334e-01,  7.4848511477301882e-03,  1.7430447487387812e-01,  9.1356766130510192e-02,  1.8906048197299427e-01,  5.9729035306614175e-03,  5.6685072539808951e-04
    49,  8.9687e+01,  1.4698031200806977e-01, -1.1411162050701187e-01,  2.0148979525515334e-01,  7.4848511477301882e-03,  1.7430447487387812e-01,  9.1356766130510192e-02,  1.8906048197299427e-01,  5.9729035306614175e-03,  5.6685083263381772e-04
    50,  9.1314e+01,  1.4698029710690858e-01, -1.1411163540817307e-01,  2.0148979525515334e-01,  7.4848511477301882e-03,  1.7430447487387812e-01,  9.1356766130510192e-02,  1.8906048197299427e-01,  5.9729035306614175e-03,  5.6685034651011393e-04
    51,  9.2947e+01,  1.4698029710690858e-01, -1.1411162050701187e-01,  2.0148981015631454e-01,  7.4848511477301882e-03,  1.7430447487387812e-01,  9.1356766130510192e-02,  1.8906048197299427e-01,  5.9729035306614175e-03,  5.6685183860723742e-04
    52,  9.4557e+01,  1.4698029710690858e-01, -1.1411162050701187e-01,  2.0148979525515334e-01,  7.4848660488913820e-03,  1.7430447487387812e-01,  9.1356766130510192e-02,  1.8906048197299427e-01,  5.9729035306614175e-03,  5.6685015339941463e-04
    53,  9.6167e+01,  1.4698029710690858e-01, -1.1411162050701187e-01,  2.0148979525515334e-01,  7.4848511477301882e-03,  1.7430448977503932e-01,  9.1356766130510192e-02,  1.8906048197299427e-01,  5.9729035306614175e-03,  5.6685094135464987e-04
    54,  9.7809e+01,  1.4698029710690858e-01, -1.1411162050701187e-01,  2.0148979525515334e-01,  7.4848511477301882e-03,  1.7430447487387812e-01,  9.1356781031671386e-02,  1.8906048197299427e-01,  5.9729035306614175e-03,  5.6685098189907250e-04
    55,  9.9460e+01,  1.4698029710690858e-01, -1.1411162050701187e-01,  2.0148979525515334e-01,  7.4848511477301882e-03,  1.7430447487387812e-01,  9.1356766130510192e-02,  1.8906049687415546e-01,  5.9729035306614175e-03,  5.6685144803387112e-04
    56,  1.0110e+02,  1.4698029710690858e-01, -1.1411162050701187e-01,  2.0148979525515334e-01,  7.4848511477301882e-03,  1.7430447487387812e-01,  9.1356766130510192e-02,  1.8906048197299427e-01,  5.9729184318226113e-03,  5.6685232229966446e-04
    57,  1.0268e+02,  1.3317901251650582e-01, -1.0618209530267442e-01,  1.3518511188656118e-01,  2.9329583454199434e-02,  1.0954055181983194e-01,  1.1220876556310144e-01,  2.5820038784489130e-01,  2.7091473979025088e-02,  2.2019356229990872e-01
    58,  1.0437e+02,  1.2461333505697575e-01, -1.1545316263470778e-01,  1.9387018189863411e-01,  1.3451748727371274e-02,  1.5829630057224214e-01,  9.3401746937974317e-02,  1.9774002217279005e-01,  8.1809943660988548e-03,  3.1669427896162400e-04
    59,  1.0603e+02,  1.2461334995813694e-01, -1.1545316263470778e-01,  1.9387018189863411e-01,  1.3451748727371274e-02,  1.5829630057224214e-01,  9.3401746937974317e-02,  1.9774002217279005e-01,  8.1809943660988548e-03,  3.1669429291286141e-04
    60,  1.0761e+02,  1.2461333505697575e-01, -1.1545317753586898e-01,  1.9387018189863411e-01,  1.3451748727371274e-02,  1.5829630057224214e-01,  9.3401746937974317e-02,  1.9774002217279005e-01,  8.1809943660988548e-03,  3.1669544711991724e-04
    61,  1.0923e+02,  1.2461333505697575e-01, -1.1545316263470778e-01,  1.9387019679979531e-01,  1.3451748727371274e-02,  1.5829630057224214e-01,  9.3401746937974317e-02,  1.9774002217279005e-01,  8.1809943660988548e-03,  3.1669079356168848e-04
    62,  1.1085e+02,  1.2461333505697575e-01, -1.1545316263470778e-01,  1.9387018189863411e-01,  1.3451763628532468e-02,  1.5829630057224214e-01,  9.3401746937974317e-02,  1.9774002217279005e-01,  8.1809943660988548e-03,  3.1669478996902201e-04
    63,  1.1252e+02,  1.2461333505697575e-01, -1.1545316263470778e-01,  1.9387018189863411e-01,  1.3451748727371274e-02,  1.5829631547340334e-01,  9.3401746937974317e-02,  1.9774002217279005e-01,  8.1809943660988548e-03,  3.1669428535370303e-04
    64,  1.1412e+02,  1.2461333505697575e-01, -1.1545316263470778e-01,  1.9387018189863411e-01,  1.3451748727371274e-02,  1.5829630057224214e-01,  9.3401761839135511e-02,  1.9774002217279005e-01,  8.1809943660988548e-03,  3.1669712921986078e-04
    65,  1.1587e+02,  1.2461333505697575e-01, -1.1545316263470778e-01,  1.9387018189863411e-01,  1.3451748727371274e-02,  1.5829630057224214e-01,  9.3401746937974317e-02,  1.9774003707395124e-01,  8.1809943660988548e-03,  3.1669020927708167e-04
    66,  1.1754e+02,  1.2461333505697575e-01, -1.1545316263470778e-01,  1.9387018189863411e-01,  1.3451748727371274e-02,  1.5829630057224214e-01,  9.3401746937974317e-02,  1.9774002217279005e-01,  8.1810092672600487e-03,  3.1669458329302278e-04
    67,  1.1912e+02,  1.2617889997383230e-01, -1.1159118724209342e-01,  1.6005071217002842e-01,  2.3477435029715880e-02,  1.3299201698016375e-01,  1.0607850526756392e-01,  2.3700095439114896e-01,  2.0077320121043907e-02,  1.6318712370287383e-02
    68,  1.2072e+02,  1.2201014539695106e-01, -1.1474999887489586e-01,  1.8607728807782439e-01,  1.5747015322637937e-02,  1.5132703842458434e-01,  9.6809268618268898e-02,  2.0738922577558472e-01,  1.0927222002961286e-02,  3.2117288680446379e-04
    69,  1.2237e+02,  1.2226721571883473e-01, -1.1557521609965307e-01,  1.9270859425143441e-01,  1.3866470299231505e-02,  1.5658577484413619e-01,  9.4193979818286269e-02,  1.9968784173851076e-01,  8.6741621955729962e-03,  2.7636498358255207e-04
    70,  1.2401e+02,  1.2226723061999592e-01, -1.1557521609965307e-01,  1.9270859425143441e-01,  1.3866470299231505e-02,  1.5658577484413619e-01,  9.4193979818286269e-02,  1.9968784173851076e-01,  8.6741621955729962e-03,  2.7636499002171562e-04
    71,  1.2559e+02,  1.2226721571883473e-01, -1.1557523100081427e-01,  1.9270859425143441e-01,  1.3866470299231505e-02,  1.5658577484413619e-01,  9.4193979818286269e-02,  1.9968784173851076e-01,  8.6741621955729962e-03,  2.7636503508635167e-04
    72,  1.2722e+02,  1.2226721571883473e-01, -1.1557521609965307e-01,  1.9270860915259561e-01,  1.3866470299231505e-02,  1.5658577484413619e-01,  9.4193979818286269e-02,  1.9968784173851076e-01,  8.6741621955729962e-03,  2.7636484660249419e-04
    73,  1.2882e+02,  1.2226721571883473e-01, -1.1557521609965307e-01,  1.9270859425143441e-01,  1.3866485200392699e-02,  1.5658577484413619e-01,  9.4193979818286269e-02,  1.9968784173851076e-01,  8.6741621955729962e-03,  2.7636498918523998e-04
    74,  1.3043e+02,  1.2226721571883473e-01, -1.1557521609965307e-01,  1.9270859425143441e-01,  1.3866470299231505e-02,  1.5658578974529738e-01,  9.4193979818286269e-02,  1.9968784173851076e-01,  8.6741621955729962e-03,  2.7636498789439479e-04
    75,  1.3203e+02,  1.2226721571883473e-01, -1.1557521609965307e-01,  1.9270859425143441e-01,  1.3866470299231505e-02,  1.5658577484413619e-01,  9.4193994719447463e-02,  1.9968784173851076e-01,  8.6741621955729962e-03,  2.7636507117222565e-04
    76,  1.3368e+02,  1.2226721571883473e-01, -1.1557521609965307e-01,  1.9270859425143441e-01,  1.3866470299231505e-02,  1.5658577484413619e-01,  9.4193979818286269e-02,  1.9968785663967195e-01,  8.6741621955729962e-03,  2.7636483239501270e-04
    77,  1.3529e+02,  1.2226721571883473e-01, -1.1557521609965307e-01,  1.9270859425143441e-01,  1.3866470299231505e-02,  1.5658577484413619e-01,  9.4193979818286269e-02,  1.9968784173851076e-01,  8.6741770967341900e-03,  2.7636498119995399e-04
    78,  1.3697e+02,  1.2139321778638301e-01, -1.1519042035309282e-01,  1.8874315549760787e-01,  1.5007791926983004e-02,  1.5317925932772777e-01,  9.6005272676525727e-02,  2.0456756124055786e-01,  1.0048478946339423e-02,  2.7568197928916197e-04
    79,  1.3920e+02,  1.2139323268754421e-01, -1.1519042035309282e-01,  1.8874315549760787e-01,  1.5007791926983004e-02,  1.5317925932772777e-01,  9.6005272676525727e-02,  2.0456756124055786e-01,  1.0048478946339423e-02,  2.7568197621367398e-04
    80,  1.4095e+02,  1.2139321778638301e-01, -1.1519043525425401e-01,  1.8874315549760787e-01,  1.5007791926983004e-02,  1.5317925932772777e-01,  9.6005272676525727e-02,  2.0456756124055786e-01,  1.0048478946339423e-02,  2.7568241098503980e-04
    81,  1.4254e+02,  1.2139321778638301e-01, -1.1519042035309282e-01,  1.8874317039876906e-01,  1.5007791926983004e-02,  1.5317925932772777e-01,  9.6005272676525727e-02,  2.0456756124055786e-01,  1.0048478946339423e-02,  2.7568086917090673e-04
    82,  1.4415e+02,  1.2139321778638301e-01, -1.1519042035309282e-01,  1.8874315549760787e-01,  1.5007806828144198e-02,  1.5317925932772777e-01,  9.6005272676525727e-02,  2.0456756124055786e-01,  1.0048478946339423e-02,  2.7568203106654113e-04
    83,  1.4581e+02,  1.2139321778638301e-01, -1.1519042035309282e-01,  1.8874315549760787e-01,  1.5007791926983004e-02,  1.5317927422888897e-01,  9.6005272676525727e-02,  2.0456756124055786e-01,  1.0048478946339423e-02,  2.7568197970012425e-04
    84,  1.4735e+02,  1.2139321778638301e-01, -1.1519042035309282e-01,  1.8874315549760787e-01,  1.5007791926983004e-02,  1.5317925932772777e-01,  9.6005287577686921e-02,  2.0456756124055786e-01,  1.0048478946339423e-02,  2.7568271204524256e-04
    85,  1.4895e+02,  1.2139321778638301e-01, -1.1519042035309282e-01,  1.8874315549760787e-01,  1.5007791926983004e-02,  1.5317925932772777e-01,  9.6005272676525727e-02,  2.0456757614171905e-01,  1.0048478946339423e-02,  2.7568085635055713e-04
    86,  1.5047e+02,  1.2139321778638301e-01, -1.1519042035309282e-01,  1.8874315549760787e-01,  1.5007791926983004e-02,  1.5317925932772777e-01,  9.6005272676525727e-02,  2.0456756124055786e-01,  1.0048493847500617e-02,  2.7568197430436392e-04
    87,  1.5206e+02,  1.2135754527327948e-01, -1.1515047874964912e-01,  1.8790648367695167e-01,  1.5230765780387347e-02,  1.5226457484858810e-01,  9.6562595539240792e-02,  2.0584684970633121e-01,  1.0396845879750018e-02,  2.7177798460380231e-04
    88,  1.5364e+02,  1.2135756017444067e-01, -1.1515047874964912e-01,  1.8790648367695167e-01,  1.5230765780387347e-02,  1.5226457484858810e-01,  9.6562595539240792e-02,  2.0584684970633121e-01,  1.0396845879750018e-02,  2.7177798447991768e-04
    89,  1.5528e+02,  1.2135754527327948e-01, -1.1515049365081031e-01,  1.8790648367695167e-01,  1.5230765780387347e-02,  1.5226457484858810e-01,  9.6562595539240792e-02,  2.0584684970633121e-01,  1.0396845879750018e-02,  2.7177800998721247e-04
    90,  1.5687e+02,  1.2135754527327948e-01, -1.1515047874964912e-01,  1.8790649857811287e-01,  1.5230765780387347e-02,  1.5226457484858810e-01,  9.6562595539240792e-02,  2.0584684970633121e-01,  1.0396845879750018e-02,  2.7177792322135734e-04
    91,  1.5843e+02,  1.2135754527327948e-01, -1.1515047874964912e-01,  1.8790648367695167e-01,  1.5230780681548541e-02,  1.5226457484858810e-01,  9.6562595539240792e-02,  2.0584684970633121e-01,  1.0396845879750018e-02,  2.7177798547538463e-04
    92,  1.5999e+02,  1.2135754527327948e-01, -1.1515047874964912e-01,  1.8790648367695167e-01,  1.5230765780387347e-02,  1.5226458974974930e-01,  9.6562595539240792e-02,  2.0584684970633121e-01,  1.0396845879750018e-02,  2.7177798695363477e-04
    93,  1.6160e+02,  1.2135754527327948e-01, -1.1515047874964912e-01,  1.8790648367695167e-01,  1.5230765780387347e-02,  1.5226457484858810e-01,  9.6562610440401986e-02,  2.0584684970633121e-01,  1.0396845879750018e-02,  2.7177802254136556e-04
    94,  1.6320e+02,  1.2135754527327948e-01, -1.1515047874964912e-01,  1.8790648367695167e-01,  1.5230765780387347e-02,  1.5226457484858810e-01,  9.6562595539240792e-02,  2.0584686460749241e-01,  1.0396845879750018e-02,  2.7177791976759386e-04
    95,  1.6489e+02,  1.2135754527327948e-01, -1.1515047874964912e-01,  1.8790648367695167e-01,  1.5230765780387347e-02,  1.5226457484858810e-01,  9.6562595539240792e-02,  2.0584684970633121e-01,  1.0396860780911212e-02,  2.7177798216881894e-04
    96,  1.6740e+02,  1.2165559519284386e-01, -1.1488672560433524e-01,  1.8600592243113404e-01,  1.5651271638225370e-02,  1.5057549106846405e-01,  9.7602242533476144e-02,  2.0836133433973933e-01,  1.1050557628801824e-02,  2.7084807221585940e-04
    97,  1.7043e+02,  1.2165561009400505e-01, -1.1488672560433524e-01,  1.8600592243113404e-01,  1.5651271638225370e-02,  1.5057549106846405e-01,  9.7602242533476144e-02,  2.0836133433973933e-01,  1.1050557628801824e-02,  2.7084807069392876e-04
    98,  1.7454e+02,  1.2165559519284386e-01, -1.1488674050549644e-01,  1.8600592243113404e-01,  1.5651271638225370e-02,  1.5057549106846405e-01,  9.7602242533476144e-02,  2.0836133433973933e-01,  1.1050557628801824e-02,  2.7084817967741630e-04
    99,  1.7748e+02,  1.2165559519284386e-01, -1.1488672560433524e-01,  1.8600593733229523e-01,  1.5651271638225370e-02,  1.5057549106846405e-01,  9.7602242533476144e-02,  2.0836133433973933e-01,  1.1050557628801824e-02,  2.7084779513035327e-04
   100,  1.7956e+02,  1.2165559519284386e-01, -1.1488672560433524e-01,  1.8600592243113404e-01,  1.5651286539386564e-02,  1.5057549106846405e-01,  9.7602242533476144e-02,  2.0836133433973933e-01,  1.1050557628801824e-02,  2.7084808189856737e-04
   101,  1.8175e+02,  1.2165559519284386e-01, -1.1488672560433524e-01,  1.8600592243113404e-01,  1.5651271638225370e-02,  1.5057550596962524e-01,  9.7602242533476144e-02,  2.0836133433973933e-01,  1.1050557628801824e-02,  2.7084807339493685e-04
   102,  1.8346e+02,  1.2165559519284386e-01, -1.1488672560433524e-01,  1.8600592243113404e-01,  1.5651271638225370e-02,  1.5057549106846405e-01,  9.7602257434637338e-02,  2.0836133433973933e-01,  1.1050557628801824e-02,  2.7084824603920205e-04
   103,  1.8515e+02,  1.2165559519284386e-01, -1.1488672560433524e-01,  1.8600592243113404e-01,  1.5651271638225370e-02,  1.5057549106846405e-01,  9.7602242533476144e-02,  2.0836134924090052e-01,  1.1050557628801824e-02,  2.7084780129779201e-04
   104,  1.8781e+02,  1.2165559519284386e-01, -1.1488672560433524e-01,  1.8600592243113404e-01,  1.5651271638225370e-02,  1.5057549106846405e-01,  9.7602242533476144e-02,  2.0836133433973933e-01,  1.1050572529963018e-02,  2.7084806724832927e-04
   105,  1.9008e+02,  1.2254702963143034e-01, -1.1438019678833847e-01,  1.8229955116695404e-01,  1.6430236991552959e-02,  1.4733584390611937e-01,  9.9797934734493832e-02,  2.1347271537783560e-01,  1.2349404266667512e-02,  2.7239166243807979e-04
   106,  1.9214e+02,  1.2185805741329678e-01, -1.1475707023824504e-01,  1.8513594173216097e-01,  1.5799311379974843e-02,  1.4967675372746556e-01,  9.8187506843996075e-02,  2.0961867752147029e-01,  1.1350626385904549e-02,  2.7019681112912497e-04
   107,  1.9439e+02,  1.2185807231445797e-01, -1.1475707023824504e-01,  1.8513594173216097e-01,  1.5799311379974843e-02,  1.4967675372746556e-01,  9.8187506843996075e-02,  2.0961867752147029e-01,  1.1350626385904549e-02,  2.7019681051496282e-04
   108,  1.9603e+02,  1.2185805741329678e-01, -1.1475708513940623e-01,  1.8513594173216097e-01,  1.5799311379974843e-02,  1.4967675372746556e-01,  9.8187506843996075e-02,  2.0961867752147029e-01,  1.1350626385904549e-02,  2.7019683702574554e-04
   109,  1.9762e+02,  1.2185805741329678e-01, -1.1475707023824504e-01,  1.8513595663332216e-01,  1.5799311379974843e-02,  1.4967675372746556e-01,  9.8187506843996075e-02,  2.0961867752147029e-01,  1.1350626385904549e-02,  2.7019674811895876e-04
   110,  1.9922e+02,  1.2185805741329678e-01, -1.1475707023824504e-01,  1.8513594173216097e-01,  1.5799326281136037e-02,  1.4967675372746556e-01,  9.8187506843996075e-02,  2.0961867752147029e-01,  1.1350626385904549e-02,  2.7019681251671195e-04
   111,  2.0078e+02,  1.2185805741329678e-01, -1.1475707023824504e-01,  1.8513594173216097e-01,  1.5799311379974843e-02,  1.4967676862862675e-01,  9.8187506843996075e-02,  2.0961867752147029e-01,  1.1350626385904549e-02,  2.7019681272557168e-04
   112,  2.0236e+02,  1.2185805741329678e-01, -1.1475707023824504e-01,  1.8513594173216097e-01,  1.5799311379974843e-02,  1.4967675372746556e-01,  9.8187521745157269e-02,  2.0961867752147029e-01,  1.1350626385904549e-02,  2.7019685010471839e-04
   113,  2.0415e+02,  1.2185805741329678e-01, -1.1475707023824504e-01,  1.8513594173216097e-01,  1.5799311379974843e-02,  1.4967675372746556e-01,  9.8187506843996075e-02,  2.0961869242263148e-01,  1.1350626385904549e-02,  2.7019674805997188e-04
   114,  2.0576e+02,  1.2185805741329678e-01, -1.1475707023824504e-01,  1.8513594173216097e-01,  1.5799311379974843e-02,  1.4967675372746556e-01,  9.8187506843996075e-02,  2.0961867752147029e-01,  1.1350641287065743e-02,  2.7019680918677260e-04
   115,  2.0727e+02,  1.2233748818191202e-01, -1.1445698234267902e-01,  1.8333642419551577e-01,  1.6101681884263950e-02,  1.4798003850107430e-01,  9.9343778845754405e-02,  2.1215021514170199e-01,  1.1948214450967342e-02,  2.6967335624091882e-04
   116,  2.0890e+02,  1.2233750308307322e-01, -1.1445698234267902e-01,  1.8333642419551577e-01,  1.6101681884263950e-02,  1.4798003850107430e-01,  9.9343778845754405e-02,  2.1215021514170199e-01,  1.1948214450967342e-02,  2.6967335478180490e-04
   117,  2.1043e+02,  1.2233748818191202e-01, -1.1445699724384022e-01,  1.8333642419551577e-01,  1.6101681884263950e-02,  1.4798003850107430e-01,  9.9343778845754405e-02,  2.1215021514170199e-01,  1.1948214450967342e-02,  2.6967346259271051e-04
   118,  2.1191e+02,  1.2233748818191202e-01, -1.1445698234267902e-01,  1.8333643909667696e-01,  1.6101681884263950e-02,  1.4798003850107430e-01,  9.9343778845754405e-02,  2.1215021514170199e-01,  1.1948214450967342e-02,  2.6967308710678934e-04
   119,  2.1349e+02,  1.2233748818191202e-01, -1.1445698234267902e-01,  1.8333642419551577e-01,  1.6101696785425144e-02,  1.4798003850107430e-01,  9.9343778845754405e-02,  2.1215021514170199e-01,  1.1948214450967342e-02,  2.6967336226381086e-04
   120,  2.1500e+02,  1.2233748818191202e-01, -1.1445698234267902e-01,  1.8333642419551577e-01,  1.6101681884263950e-02,  1.4798005340223550e-01,  9.9343778845754405e-02,  2.1215021514170199e-01,  1.1948214450967342e-02,  2.6967335689598017e-04
   121,  2.1656e+02,  1.2233748818191202e-01, -1.1445698234267902e-01,  1.8333642419551577e-01,  1.6101681884263950e-02,  1.4798003850107430e-01,  9.9343793746915598e-02,  2.1215021514170199e-01,  1.1948214450967342e-02,  2.6967351978550072e-04
   122,  2.1819e+02,  1.2233748818191202e-01, -1.1445698234267902e-01,  1.8333642419551577e-01,  1.6101681884263950e-02,  1.4798003850107430e-01,  9.9343778845754405e-02,  2.1215023004286318e-01,  1.1948214450967342e-02,  2.6967310474514241e-04
   123,  2.1972e+02,  1.2233748818191202e-01, -1.1445698234267902e-01,  1.8333642419551577e-01,  1.6101681884263950e-02,  1.4798003850107430e-01,  9.9343778845754405e-02,  2.1215021514170199e-01,  1.1948229352128536e-02,  2.6967335036672983e-04
   124,  2.2132e+02,  1.2285477142246605e-01, -1.1414399145596583e-01,  1.8164808618696576e-01,  1.6307990217935189e-02,  1.4621999930884380e-01,  1.0060004308124172e-01,  2.1467946133346805e-01,  1.2495555223516358e-02,  2.6923302260354487e-04
   125,  2.2285e+02,  1.2285478632362724e-01, -1.1414399145596583e-01,  1.8164808618696576e-01,  1.6307990217935189e-02,  1.4621999930884380e-01,  1.0060004308124172e-01,  2.1467946133346805e-01,  1.2495555223516358e-02,  2.6923302128551568e-04
   126,  2.2442e+02,  1.2285477142246605e-01, -1.1414400635712703e-01,  1.8164808618696576e-01,  1.6307990217935189e-02,  1.4621999930884380e-01,  1.0060004308124172e-01,  2.1467946133346805e-01,  1.2495555223516358e-02,  2.6923312406227013e-04
   127,  2.2602e+02,  1.2285477142246605e-01, -1.1414399145596583e-01,  1.8164810108812696e-01,  1.6307990217935189e-02,  1.4621999930884380e-01,  1.0060004308124172e-01,  2.1467946133346805e-01,  1.2495555223516358e-02,  2.6923276857574759e-04
   128,  2.2757e+02,  1.2285477142246605e-01, -1.1414399145596583e-01,  1.8164808618696576e-01,  1.6308005119096382e-02,  1.4621999930884380e-01,  1.0060004308124172e-01,  2.1467946133346805e-01,  1.2495555223516358e-02,  2.6923302599284494e-04
   129,  2.2906e+02,  1.2285477142246605e-01, -1.1414399145596583e-01,  1.8164808618696576e-01,  1.6307990217935189e-02,  1.4622001421000499e-01,  1.0060004308124172e-01,  2.1467946133346805e-01,  1.2495555223516358e-02,  2.6923302277950058e-04
   130,  2.3066e+02,  1.2285477142246605e-01, -1.1414399145596583e-01,  1.8164808618696576e-01,  1.6307990217935189e-02,  1.4621999930884380e-01,  1.0060005798240292e-01,  2.1467946133346805e-01,  1.2495555223516358e-02,  2.6923317213764161e-04
   131,  2.3228e+02,  1.2285477142246605e-01, -1.1414399145596583e-01,  1.8164808618696576e-01,  1.6307990217935189e-02,  1.4621999930884380e-01,  1.0060004308124172e-01,  2.1467947623462924e-01,  1.2495555223516358e-02,  2.6923279298238435e-04
   132,  2.3380e+02,  1.2285477142246605e-01, -1.1414399145596583e-01,  1.8164808618696576e-01,  1.6307990217935189e-02,  1.4621999930884380e-01,  1.0060004308124172e-01,  2.1467946133346805e-01,  1.2495570124677552e-02,  2.6923301564845526e-04
   133,  2.3540e+02,  1.2341872777954258e-01, -1.1374595656596877e-01,  1.8008355688219316e-01,  1.6336962932945689e-02,  1.4437272264257908e-01,  1.0199253229094009e-01,  2.1716267002670653e-01,  1.2929544864075966e-02,  2.6902789634029812e-04
   134,  2.3700e+02,  1.2341874268070377e-01, -1.1374595656596877e-01,  1.8008355688219316e-01,  1.6336962932945689e-02,  1.4437272264257908e-01,  1.0199253229094009e-01,  2.1716267002670653e-01,  1.2929544864075966e-02,  2.6902789521456033e-04
   135,  2.3859e+02,  1.2341872777954258e-01, -1.1374597146712996e-01,  1.8008355688219316e-01,  1.6336962932945689e-02,  1.4437272264257908e-01,  1.0199253229094009e-01,  2.1716267002670653e-01,  1.2929544864075966e-02,  2.6902798809423916e-04
   136,  2.4013e+02,  1.2341872777954258e-01, -1.1374595656596877e-01,  1.8008357178335435e-01,  1.6336962932945689e-02,  1.4437272264257908e-01,  1.0199253229094009e-01,  2.1716267002670653e-01,  1.2929544864075966e-02,  2.6902767074188941e-04
   137,  2.4165e+02,  1.2341872777954258e-01, -1.1374595656596877e-01,  1.8008355688219316e-01,  1.6336977834106883e-02,  1.4437272264257908e-01,  1.0199253229094009e-01,  2.1716267002670653e-01,  1.2929544864075966e-02,  2.6902789655513002e-04
   138,  2.4321e+02,  1.2341872777954258e-01, -1.1374595656596877e-01,  1.8008355688219316e-01,  1.6336962932945689e-02,  1.4437273754374028e-01,  1.0199253229094009e-01,  2.1716267002670653e-01,  1.2929544864075966e-02,  2.6902789618773998e-04
   139,  2.4478e+02,  1.2341872777954258e-01, -1.1374595656596877e-01,  1.8008355688219316e-01,  1.6336962932945689e-02,  1.4437272264257908e-01,  1.0199254719210128e-01,  2.1716267002670653e-01,  1.2929544864075966e-02,  2.6902802480611087e-04
   140,  2.4633e+02,  1.2341872777954258e-01, -1.1374595656596877e-01,  1.8008355688219316e-01,  1.6336962932945689e-02,  1.4437272264257908e-01,  1.0199253229094009e-01,  2.1716268492786772e-01,  1.2929544864075966e-02,  2.6902769937153505e-04
   141,  2.4781e+02,  1.2341872777954258e-01, -1.1374595656596877e-01,  1.8008355688219316e-01,  1.6336962932945689e-02,  1.4437272264257908e-01,  1.0199253229094009e-01,  2.1716267002670653e-01,  1.2929559765237160e-02,  2.6902788911536935e-04
   142,  2.4938e+02,  1.2353555580973194e-01, -1.1332215199781952e-01,  1.8049365949602875e-01,  1.5624107431185825e-02,  1.4370371409592139e-01,  1.0235658999741180e-01,  2.1677067276138512e-01,  1.2444359157282521e-02,  2.6890248822239877e-04
   143,  2.5093e+02,  1.2353557071089313e-01, -1.1332215199781952e-01,  1.8049365949602875e-01,  1.5624107431185825e-02,  1.4370371409592139e-01,  1.0235658999741180e-01,  2.1677067276138512e-01,  1.2444359157282521e-02,  2.6890248803529122e-04
   144,  2.5249e+02,  1.2353555580973194e-01, -1.1332216689898071e-01,  1.8049365949602875e-01,  1.5624107431185825e-02,  1.4370371409592139e-01,  1.0235658999741180e-01,  2.1677067276138512e-01,  1.2444359157282521e-02,  2.6890247848103507e-04
   145,  2.5403e+02,  1.2353555580973194e-01, -1.1332215199781952e-01,  1.8049367439718994e-01,  1.5624107431185825e-02,  1.4370371409592139e-01,  1.0235658999741180e-01,  2.1677067276138512e-01,  1.2444359157282521e-02,  2.6890251261861575e-04
   146,  2.5567e+02,  1.2353555580973194e-01, -1.1332215199781952e-01,  1.8049365949602875e-01,  1.5624122332347019e-02,  1.4370371409592139e-01,  1.0235658999741180e-01,  2.1677067276138512e-01,  1.2444359157282521e-02,  2.6890248574414538e-04
   147,  2.5738e+02,  1.2353555580973194e-01, -1.1332215199781952e-01,  1.8049365949602875e-01,  1.5624107431185825e-02,  1.4370372899708259e-01,  1.0235658999741180e-01,  2.1677067276138512e-01,  1.2444359157282521e-02,  2.6890248837803783e-04
   148,  2.5893e+02,  1.2353555580973194e-01, -1.1332215199781952e-01,  1.8049365949602875e-01,  1.5624107431185825e-02,  1.4370371409592139e-01,  1.0235660489857300e-01,  2.1677067276138512e-01,  1.2444359157282521e-02,  2.6890247315403430e-04
   149,  2.6053e+02,  1.2353555580973194e-01, -1.1332215199781952e-01,  1.8049365949602875e-01,  1.5624107431185825e-02,  1.4370371409592139e-01,  1.0235658999741180e-01,  2.1677068766254631e-01,  1.2444359157282521e-02,  2.6890251000560677e-04
   150,  2.6210e+02,  1.2353555580973194e-01, -1.1332215199781952e-01,  1.8049365949602875e-01,  1.5624107431185825e-02,  1.4370371409592139e-01,  1.0235658999741180e-01,  2.1677067276138512e-01,  1.2444374058443715e-02,  2.6890249067331167e-04
   151,  2.6370e+02,  1.2400104898265432e-01, -1.1336430202991277e-01,  1.7863993977285120e-01,  1.6336609873609902e-02,  1.4263976549261637e-01,  1.0335635111267444e-01,  2.1952212185087894e-01,  1.3320042628205228e-02,  2.6924724660446950e-04
   152,  2.6530e+02,  1.2366909990652908e-01, -1.1332946662396419e-01,  1.8002716088072804e-01,  1.5802249939441917e-02,  1.4345164354008466e-01,  1.0260708561463228e-01,  2.1745943887436581e-01,  1.2660044940766503e-02,  2.6890008535284001e-04
   153,  2.6684e+02,  1.2366911480769027e-01, -1.1332946662396419e-01,  1.8002716088072804e-01,  1.5802249939441917e-02,  1.4345164354008466e-01,  1.0260708561463228e-01,  2.1745943887436581e-01,  1.2660044940766503e-02,  2.6890008529223468e-04
   154,  2.6842e+02,  1.2366909990652908e-01, -1.1332948152512538e-01,  1.8002716088072804e-01,  1.5802249939441917e-02,  1.4345164354008466e-01,  1.0260708561463228e-01,  2.1745943887436581e-01,  1.2660044940766503e-02,  2.6890009341315100e-04
   155,  2.7004e+02,  1.2366909990652908e-01, -1.1332946662396419e-01,  1.8002717578188923e-01,  1.5802249939441917e-02,  1.4345164354008466e-01,  1.0260708561463228e-01,  2.1745943887436581e-01,  1.2660044940766503e-02,  2.6890006545560261e-04
   156,  2.7167e+02,  1.2366909990652908e-01, -1.1332946662396419e-01,  1.8002716088072804e-01,  1.5802264840603111e-02,  1.4345164354008466e-01,  1.0260708561463228e-01,  2.1745943887436581e-01,  1.2660044940766503e-02,  2.6890008570964232e-04
   157,  2.7328e+02,  1.2366909990652908e-01, -1.1332946662396419e-01,  1.8002716088072804e-01,  1.5802249939441917e-02,  1.4345165844124586e-01,  1.0260708561463228e-01,  2.1745943887436581e-01,  1.2660044940766503e-02,  2.6890008534646533e-04
   158,  2.7486e+02,  1.2366909990652908e-01, -1.1332946662396419e-01,  1.8002716088072804e-01,  1.5802249939441917e-02,  1.4345164354008466e-01,  1.0260710051579347e-01,  2.1745943887436581e-01,  1.2660044940766503e-02,  2.6890009688709695e-04
   159,  2.7646e+02,  1.2366909990652908e-01, -1.1332946662396419e-01,  1.8002716088072804e-01,  1.5802249939441917e-02,  1.4345164354008466e-01,  1.0260708561463228e-01,  2.1745945377552700e-01,  1.2660044940766503e-02,  2.6890006809468330e-04
   160,  2.7811e+02,  1.2366909990652908e-01, -1.1332946662396419e-01,  1.8002716088072804e-01,  1.5802249939441917e-02,  1.4345164354008466e-01,  1.0260708561463228e-01,  2.1745943887436581e-01,  1.2660059841927697e-02,  2.6890008476011806e-04
   161,  2.7968e+02,  1.2364960224748403e-01, -1.1330286652717268e-01,  1.8014919188403661e-01,  1.5722721243153607e-02,  1.4345835314158309e-01,  1.0257635286711822e-01,  2.1729123934488739e-01,  1.2585423106891501e-02,  2.6889719056309648e-04
   162,  2.8130e+02,  1.2364961714864522e-01, -1.1330286652717268e-01,  1.8014919188403661e-01,  1.5722721243153607e-02,  1.4345835314158309e-01,  1.0257635286711822e-01,  2.1729123934488739e-01,  1.2585423106891501e-02,  2.6889719056020367e-04
   163,  2.8285e+02,  1.2364960224748403e-01, -1.1330288142833388e-01,  1.8014919188403661e-01,  1.5722721243153607e-02,  1.4345835314158309e-01,  1.0257635286711822e-01,  2.1729123934488739e-01,  1.2585423106891501e-02,  2.6889719090596333e-04
   164,  2.8439e+02,  1.2364960224748403e-01, -1.1330286652717268e-01,  1.8014920678519780e-01,  1.5722721243153607e-02,  1.4345835314158309e-01,  1.0257635286711822e-01,  2.1729123934488739e-01,  1.2585423106891501e-02,  2.6889718967156598e-04
   165,  2.8596e+02,  1.2364960224748403e-01, -1.1330286652717268e-01,  1.8014919188403661e-01,  1.5722736144314801e-02,  1.4345835314158309e-01,  1.0257635286711822e-01,  2.1729123934488739e-01,  1.2585423106891501e-02,  2.6889719078263891e-04
   166,  2.8749e+02,  1.2364960224748403e-01, -1.1330286652717268e-01,  1.8014919188403661e-01,  1.5722721243153607e-02,  1.4345836804274428e-01,  1.0257635286711822e-01,  2.1729123934488739e-01,  1.2585423106891501e-02,  2.6889719055878103e-04
   167,  2.8907e+02,  1.2364960224748403e-01, -1.1330286652717268e-01,  1.8014919188403661e-01,  1.5722721243153607e-02,  1.4345835314158309e-01,  1.0257636776827941e-01,  2.1729123934488739e-01,  1.2585423106891501e-02,  2.6889719146675221e-04
   168,  2.9064e+02,  1.2364960224748403e-01, -1.1330286652717268e-01,  1.8014919188403661e-01,  1.5722721243153607e-02,  1.4345835314158309e-01,  1.0257635286711822e-01,  2.1729125424604859e-01,  1.2585423106891501e-02,  2.6889718966471127e-04
   169,  2.9223e+02,  1.2364960224748403e-01, -1.1330286652717268e-01,  1.8014919188403661e-01,  1.5722721243153607e-02,  1.4345835314158309e-01,  1.0257635286711822e-01,  2.1729123934488739e-01,  1.2585438008052695e-02,  2.6889719070409204e-04
   170,  2.9376e+02,  1.2359879559216314e-01, -1.1329272082566048e-01,  1.8038059023452824e-01,  1.5628768665506779e-02,  1.4358547254723047e-01,  1.0245352502672253e-01,  2.1694552149055416e-01,  1.2472334192571370e-02,  2.6889811546530789e-04
   171,  2.9540e+02,  1.2363949898389494e-01, -1.1329961404913531e-01,  1.8020742583765648e-01,  1.5698174533232041e-02,  1.4348789131450415e-01,  1.0254596553625214e-01,  2.1720430143712122e-01,  1.2556651616521575e-02,  2.6889680487338633e-04
   172,  2.9702e+02,  1.2363951388505613e-01, -1.1329961404913531e-01,  1.8020742583765648e-01,  1.5698174533232041e-02,  1.4348789131450415e-01,  1.0254596553625214e-01,  2.1720430143712122e-01,  1.2556651616521575e-02,  2.6889680486427551e-04
   173,  2.9855e+02,  1.2363949898389494e-01, -1.1329962895029651e-01,  1.8020742583765648e-01,  1.5698174533232041e-02,  1.4348789131450415e-01,  1.0254596553625214e-01,  2.1720430143712122e-01,  1.2556651616521575e-02,  2.6889680500418134e-04
   174,  3.0010e+02,  1.2363949898389494e-01, -1.1329961404913531e-01,  1.8020744073881767e-01,  1.5698174533232041e-02,  1.4348789131450415e-01,  1.0254596553625214e-01,  2.1720430143712122e-01,  1.2556651616521575e-02,  2.6889680471972854e-04
   175,  3.0167e+02,  1.2363949898389494e-01, -1.1329961404913531e-01,  1.8020742583765648e-01,  1.5698189434393234e-02,  1.4348789131450415e-01,  1.0254596553625214e-01,  2.1720430143712122e-01,  1.2556651616521575e-02,  2.6889680489273208e-04
   176,  3.0320e+02,  1.2363949898389494e-01, -1.1329961404913531e-01,  1.8020742583765648e-01,  1.5698174533232041e-02,  1.4348790621566535e-01,  1.0254596553625214e-01,  2.1720430143712122e-01,  1.2556651616521575e-02,  2.6889680485965838e-04
   177,  3.0477e+02,  1.2363949898389494e-01, -1.1329961404913531e-01,  1.8020742583765648e-01,  1.5698174533232041e-02,  1.4348789131450415e-01,  1.0254598043741334e-01,  2.1720430143712122e-01,  1.2556651616521575e-02,  2.6889680510443757e-04
   178,  3.0642e+02,  1.2363949898389494e-01, -1.1329961404913531e-01,  1.8020742583765648e-01,  1.5698174533232041e-02,  1.4348789131450415e-01,  1.0254596553625214e-01,  2.1720431633828241e-01,  1.2556651616521575e-02,  2.6889680472199094e-04
   179,  3.0824e+02,  1.2363949898389494e-01, -1.1329961404913531e-01,  1.8020742583765648e-01,  1.5698174533232041e-02,  1.4348789131450415e-01,  1.0254596553625214e-01,  2.1720430143712122e-01,  1.2556666517682769e-02,  2.6889680494678574e-04
   180,  3.0987e+02,  1.2361834037030099e-01, -1.1329062764671591e-01,  1.8031210041763904e-01,  1.5650294138594142e-02,  1.4354319500808693e-01,  1.0249591182875704e-01,  2.1704960853566072e-01,  1.2502006021220809e-02,  2.6889717494164096e-04
   181,  3.1146e+02,  1.2363642526414342e-01, -1.1329446911052586e-01,  1.8023363080826757e-01,  1.5682737889621226e-02,  1.4350024973273826e-01,  1.0253665221707192e-01,  2.1716638047737427e-01,  1.2540754230654143e-02,  2.6889678937381075e-04
   182,  3.1310e+02,  1.2363644016530462e-01, -1.1329446911052586e-01,  1.8023363080826757e-01,  1.5682737889621226e-02,  1.4350024973273826e-01,  1.0253665221707192e-01,  2.1716638047737427e-01,  1.2540754230654143e-02,  2.6889678939844973e-04
   183,  3.1476e+02,  1.2363642526414342e-01, -1.1329448401168705e-01,  1.8023363080826757e-01,  1.5682737889621226e-02,  1.4350024973273826e-01,  1.0253665221707192e-01,  2.1716638047737427e-01,  1.2540754230654143e-02,  2.6889678941631598e-04
   184,  3.1638e+02,  1.2363642526414342e-01, -1.1329446911052586e-01,  1.8023364570942876e-01,  1.5682737889621226e-02,  1.4350024973273826e-01,  1.0253665221707192e-01,  2.1716638047737427e-01,  1.2540754230654143e-02,  2.6889678942835561e-04
   185,  3.1795e+02,  1.2363642526414342e-01, -1.1329446911052586e-01,  1.8023363080826757e-01,  1.5682752790782420e-02,  1.4350024973273826e-01,  1.0253665221707192e-01,  2.1716638047737427e-01,  1.2540754230654143e-02,  2.6889678940721177e-04
   186,  3.1957e+02,  1.2363642526414342e-01, -1.1329446911052586e-01,  1.8023363080826757e-01,  1.5682737889621226e-02,  1.4350026463389945e-01,  1.0253665221707192e-01,  2.1716638047737427e-01,  1.2540754230654143e-02,  2.6889678936620751e-04
   187,  3.2113e+02,  1.2363642526414342e-01, -1.1329446911052586e-01,  1.8023363080826757e-01,  1.5682737889621226e-02,  1.4350024973273826e-01,  1.0253666711823312e-01,  2.1716638047737427e-01,  1.2540754230654143e-02,  2.6889678948328866e-04
   188,  3.2270e+02,  1.2363642526414342e-01, -1.1329446911052586e-01,  1.8023363080826757e-01,  1.5682737889621226e-02,  1.4350024973273826e-01,  1.0253665221707192e-01,  2.1716639537853547e-01,  1.2540754230654143e-02,  2.6889678941414014e-04
   189,  3.2435e+02,  1.2363642526414342e-01, -1.1329446911052586e-01,  1.8023363080826757e-01,  1.5682737889621226e-02,  1.4350024973273826e-01,  1.0253665221707192e-01,  2.1716638047737427e-01,  1.2540769131815337e-02,  2.6889678939607815e-04
   190,  3.2596e+02,  1.2362256902401383e-01, -1.1329942268126286e-01,  1.8025590101904840e-01,  1.5681263300223364e-02,  1.4352409992027551e-01,  1.0251816734368256e-01,  2.1713148529259427e-01,  1.2533808929238985e-02,  2.6889682935702692e-04
   191,  3.2758e+02,  1.2362933752348744e-01, -1.1329648570776779e-01,  1.8023779285671307e-01,  1.5683817925013315e-02,  1.4350702719646719e-01,  1.0253235407576725e-01,  2.1715982784472687e-01,  1.2540007866975412e-02,  2.6889679222590637e-04
   192,  3.2914e+02,  1.2363351725528343e-01, -1.1329478675703611e-01,  1.8023421412317234e-01,  1.5682915175359181e-02,  1.4350151471598926e-01,  1.0253625478718752e-01,  2.1716562750236479e-01,  1.2540556327776268e-02,  2.6889678895490918e-04
   193,  3.3074e+02,  1.2363353215644463e-01, -1.1329478675703611e-01,  1.8023421412317234e-01,  1.5682915175359181e-02,  1.4350151471598926e-01,  1.0253625478718752e-01,  2.1716562750236479e-01,  1.2540556327776268e-02,  2.6889678893510076e-04
   194,  3.3235e+02,  1.2363351725528343e-01, -1.1329480165819730e-01,  1.8023421412317234e-01,  1.5682915175359181e-02,  1.4350151471598926e-01,  1.0253625478718752e-01,  2.1716562750236479e-01,  1.2540556327776268e-02,  2.6889678896801995e-04
   195,  3.3387e+02,  1.2363351725528343e-01, -1.1329478675703611e-01,  1.8023422902433353e-01,  1.5682915175359181e-02,  1.4350151471598926e-01,  1.0253625478718752e-01,  2.1716562750236479e-01,  1.2540556327776268e-02,  2.6889678905932994e-04
   196,  3.3548e+02,  1.2363351725528343e-01, -1.1329478675703611e-01,  1.8023421412317234e-01,  1.5682930076520375e-02,  1.4350151471598926e-01,  1.0253625478718752e-01,  2.1716562750236479e-01,  1.2540556327776268e-02,  2.6889678894963676e-04
   197,  3.3708e+02,  1.2363351725528343e-01, -1.1329478675703611e-01,  1.8023421412317234e-01,  1.5682915175359181e-02,  1.4350152961715046e-01,  1.0253625478718752e-01,  2.1716562750236479e-01,  1.2540556327776268e-02,  2.6889678893940965e-04
   198,  3.3860e+02,  1.2363351725528343e-01, -1.1329478675703611e-01,  1.8023421412317234e-01,  1.5682915175359181e-02,  1.4350151471598926e-01,  1.0253626968834871e-01,  2.1716562750236479e-01,  1.2540556327776268e-02,  2.6889678898494950e-04
   199,  3.4014e+02,  1.2363351725528343e-01, -1.1329478675703611e-01,  1.8023421412317234e-01,  1.5682915175359181e-02,  1.4350151471598926e-01,  1.0253625478718752e-01,  2.1716564240352598e-01,  1.2540556327776268e-02,  2.6889678904143410e-04
   200,  3.4176e+02,  1.2363351725528343e-01, -1.1329478675703611e-01,  1.8023421412317234e-01,  1.5682915175359181e-02,  1.4350151471598926e-01,  1.0253625478718752e-01,  2.1716562750236479e-01,  1.2540571228937461e-02,  2.6889678897412705e-04
   201,  3.4332e+02,  1.2363398368293128e-01, -1.1329485197694060e-01,  1.8023394895418979e-01,  1.5683079522870437e-02,  1.4350192700227291e-01,  1.0253639971093471e-01,  2.1716605229304456e-01,  1.2540679910292184e-02,  2.6889678831967144e-04
   202,  3.4490e+02,  1.2363399858409248e-01, -1.1329485197694060e-01,  1.8023394895418979e-01,  1.5683079522870437e-02,  1.4350192700227291e-01,  1.0253639971093471e-01,  2.1716605229304456e-01,  1.2540679910292184e-02,  2.6889678832347830e-04
   203,  3.4649e+02,  1.2363398368293128e-01, -1.1329486687810179e-01,  1.8023394895418979e-01,  1.5683079522870437e-02,  1.4350192700227291e-01,  1.0253639971093471e-01,  2.1716605229304456e-01,  1.2540679910292184e-02,  2.6889678835088091e-04
   204,  3.4808e+02,  1.2363398368293128e-01, -1.1329485197694060e-01,  1.8023396385535098e-01,  1.5683079522870437e-02,  1.4350192700227291e-01,  1.0253639971093471e-01,  2.1716605229304456e-01,  1.2540679910292184e-02,  2.6889678844391158e-04
   205,  3.4986e+02,  1.2363398368293128e-01, -1.1329485197694060e-01,  1.8023394895418979e-01,  1.5683094424031631e-02,  1.4350192700227291e-01,  1.0253639971093471e-01,  2.1716605229304456e-01,  1.2540679910292184e-02,  2.6889678836324754e-04
   206,  3.5144e+02,  1.2363398368293128e-01, -1.1329485197694060e-01,  1.8023394895418979e-01,  1.5683079522870437e-02,  1.4350194190343410e-01,  1.0253639971093471e-01,  2.1716605229304456e-01,  1.2540679910292184e-02,  2.6889678832993521e-04
   207,  3.5303e+02,  1.2363398368293128e-01, -1.1329485197694060e-01,  1.8023394895418979e-01,  1.5683079522870437e-02,  1.4350192700227291e-01,  1.0253641461209591e-01,  2.1716605229304456e-01,  1.2540679910292184e-02,  2.6889678839000673e-04
   208,  3.5457e+02,  1.2363398368293128e-01, -1.1329485197694060e-01,  1.8023394895418979e-01,  1.5683079522870437e-02,  1.4350192700227291e-01,  1.0253639971093471e-01,  2.1716606719420575e-01,  1.2540679910292184e-02,  2.6889678840263356e-04
   209,  3.5618e+02,  1.2363398368293128e-01, -1.1329485197694060e-01,  1.8023394895418979e-01,  1.5683079522870437e-02,  1.4350192700227291e-01,  1.0253639971093471e-01,  2.1716605229304456e-01,  1.2540694811453378e-02,  2.6889678833990737e-04
