Problem type:
least_squares
nparams:
8
function_evaluation,seconds,x(0),x(1),x(2),x(3),x(4),x(5),x(6),x(7),objective_function
     0,  1.7760e+00,  1.4999999999999999e-01,  0.0000000000000000e+00,  2.0000000000000001e-01,  0.0000000000000000e+00,  1.4999999999999999e-01,  0.0000000000000000e+00,  2.0699999999999999e-01,  0.0000000000000000e+00,  1.3700911078013966e+00
     1,  3.5483e+00,  1.5000001490116119e-01,  0.0000000000000000e+00,  2.0000000000000001e-01,  0.0000000000000000e+00,  1.4999999999999999e-01,  0.0000000000000000e+00,  2.0699999999999999e-01,  0.0000000000000000e+00,  1.3700911029130414e+00
     2,  5.4069e+00,  1.4999999999999999e-01,  1.4901161193847656e-08,  2.0000000000000001e-01,  0.0000000000000000e+00,  1.4999999999999999e-01,  0.0000000000000000e+00,  2.0699999999999999e-01,  0.0000000000000000e+00,  1.3700910507427604e+00
     3,  7.1475e+00,  1.4999999999999999e-01,  0.0000000000000000e+00,  2.0000001490116120e-01,  0.0000000000000000e+00,  1.4999999999999999e-01,  0.0000000000000000e+00,  2.0699999999999999e-01,  0.0000000000000000e+00,  1.3700915054708735e+00
     4,  8.8738e+00,  1.4999999999999999e-01,  0.0000000000000000e+00,  2.0000000000000001e-01,  1.4901161193847656e-08,  1.4999999999999999e-01,  0.0000000000000000e+00,  2.0699999999999999e-01,  0.0000000000000000e+00,  1.3700910483771953e+00
     5,  1.0627e+01,  1.4999999999999999e-01,  0.0000000000000000e+00,  2.0000000000000001e-01,  0.0000000000000000e+00,  1.5000001490116119e-01,  0.0000000000000000e+00,  2.0699999999999999e-01,  0.0000000000000000e+00,  1.3700911029636937e+00
     6,  1.2416e+01,  1.4999999999999999e-01,  0.0000000000000000e+00,  2.0000000000000001e-01,  0.0000000000000000e+00,  1.4999999999999999e-01,  1.4901161193847656e-08,  2.0699999999999999e-01,  0.0000000000000000e+00,  1.3700910487655487e+00
     7,  1.4208e+01,  1.4999999999999999e-01,  0.0000000000000000e+00,  2.0000000000000001e-01,  0.0000000000000000e+00,  1.4999999999999999e-01,  0.0000000000000000e+00,  2.0700001490116118e-01,  0.0000000000000000e+00,  1.3700914929562518e+00
     8,  1.5989e+01,  1.4999999999999999e-01,  0.0000000000000000e+00,  2.0000000000000001e-01,  0.0000000000000000e+00,  1.4999999999999999e-01,  0.0000000000000000e+00,  2.0699999999999999e-01,  1.4901161193847656e-08,  1.3700910510512445e+00
     9,  2.2511e+01,  3.7662328188162575e-01, -1.0532027618420065e-01,  1.4667540171892735e-01,  1.1660655201630838e-02,  3.7759606698207271e-01,  9.2648370105651495e-02,  1.6686055930507387e-01, -2.0595605936033847e-02,  3.2151073635307226e+00
    10,  2.4262e+01,  1.9169062029041767e-01, -1.6864620829669403e-02,  1.5791715724085825e-01,  1.7308389673629185e-03,  1.9127452497548153e-01,  1.4545336931899189e-02,  1.5938493720417399e-01, -3.4249587421646636e-03,  2.4024066113789949e-01
    11,  2.6037e+01,  1.9169063519157886e-01, -1.6864620829669403e-02,  1.5791715724085825e-01,  1.7308389673629185e-03,  1.9127452497548153e-01,  1.4545336931899189e-02,  1.5938493720417399e-01, -3.4249587421646636e-03,  2.4024065456742283e-01
    12,  2.7861e+01,  1.9169062029041767e-01, -1.6864635730830597e-02,  1.5791715724085825e-01,  1.7308389673629185e-03,  1.9127452497548153e-01,  1.4545336931899189e-02,  1.5938493720417399e-01, -3.4249587421646636e-03,  2.4024062852748754e-01
    13,  2.9705e+01,  1.9169062029041767e-01, -1.6864620829669403e-02,  1.5791717214201945e-01,  1.7308389673629185e-03,  1.9127452497548153e-01,  1.4545336931899189e-02,  1.5938493720417399e-01, -3.4249587421646636e-03,  2.4024047253085357e-01
    14,  3.1447e+01,  1.9169062029041767e-01, -1.6864620829669403e-02,  1.5791715724085825e-01,  1.7308538685241123e-03,  1.9127452497548153e-01,  1.4545336931899189e-02,  1.5938493720417399e-01, -3.4249587421646636e-03,  2.4024070452069474e-01
    15,  3.3287e+01,  1.9169062029041767e-01, -1.6864620829669403e-02,  1.5791715724085825e-01,  1.7308389673629185e-03,  1.9127453987664272e-01,  1.4545336931899189e-02,  1.5938493720417399e-01, -3.4249587421646636e-03,  2.4024065509423709e-01
    16,  3.5168e+01,  1.9169062029041767e-01, -1.6864620829669403e-02,  1.5791715724085825e-01,  1.7308389673629185e-03,  1.9127452497548153e-01,  1.4545351833060383e-02,  1.5938493720417399e-01, -3.4249587421646636e-03,  2.4024070306826245e-01
    17,  3.6964e+01,  1.9169062029041767e-01, -1.6864620829669403e-02,  1.5791715724085825e-01,  1.7308389673629185e-03,  1.9127452497548153e-01,  1.4545336931899189e-02,  1.5938495210533518e-01, -3.4249587421646636e-03,  2.4024047249270652e-01
    18,  3.8786e+01,  1.9169062029041767e-01, -1.6864620829669403e-02,  1.5791715724085825e-01,  1.7308389673629185e-03,  1.9127452497548153e-01,  1.4545336931899189e-02,  1.5938493720417399e-01, -3.4249736433258574e-03,  2.4024062935727955e-01
    19,  4.3358e+01,  2.2461224871898861e-01, -1.3728415468424818e-01,  1.8563186545031493e-01, -1.1507151987302627e-02,  2.3111208550737941e-01,  1.3126834230434109e-01,  1.6923503711633028e-01,  7.7949838431938794e-03,  7.5197964716524197e+00
    20,  4.4695e+01,  2.0322838898998286e-01, -4.3551364586942864e-02,  1.7214546961945559e-01, -4.6174467520170952e-03,  2.0318616129985562e-01,  4.1354531533445232e-02,  1.6522473392595577e-01,  4.3112742021320354e-04,  8.0729865872311901e-02
    21,  4.6023e+01,  2.0322840389114405e-01, -4.3551364586942864e-02,  1.7214546961945559e-01, -4.6174467520170952e-03,  2.0318616129985562e-01,  4.1354531533445232e-02,  1.6522473392595577e-01,  4.3112742021320354e-04,  8.0729862024867288e-02
    22,  4.7330e+01,  2.0322838898998286e-01, -4.3551379488104058e-02,  1.7214546961945559e-01, -4.6174467520170952e-03,  2.0318616129985562e-01,  4.1354531533445232e-02,  1.6522473392595577e-01,  4.3112742021320354e-04,  8.0729850881526732e-02
    23,  4.8763e+01,  2.0322838898998286e-01, -4.3551364586942864e-02,  1.7214548452061679e-01, -4.6174467520170952e-03,  2.0318616129985562e-01,  4.1354531533445232e-02,  1.6522473392595577e-01,  4.3112742021320354e-04,  8.0729810565464646e-02
    24,  5.0220e+01,  2.0322838898998286e-01, -4.3551364586942864e-02,  1.7214546961945559e-01, -4.6174616531782890e-03,  2.0318616129985562e-01,  4.1354531533445232e-02,  1.6522473392595577e-01,  4.3112742021320354e-04,  8.0729855228768077e-02
    25,  5.1678e+01,  2.0322838898998286e-01, -4.3551364586942864e-02,  1.7214546961945559e-01, -4.6174467520170952e-03,  2.0318617620101681e-01,  4.1354531533445232e-02,  1.6522473392595577e-01,  4.3112742021320354e-04,  8.0729861831122934e-02
    26,  5.3016e+01,  2.0322838898998286e-01, -4.3551364586942864e-02,  1.7214546961945559e-01, -4.6174467520170952e-03,  2.0318616129985562e-01,  4.1354546434606426e-02,  1.6522473392595577e-01,  4.3112742021320354e-04,  8.0729874436374319e-02
    27,  5.4372e+01,  2.0322838898998286e-01, -4.3551364586942864e-02,  1.7214546961945559e-01, -4.6174467520170952e-03,  2.0318616129985562e-01,  4.1354531533445232e-02,  1.6522474882711696e-01,  4.3112742021320354e-04,  8.0729806507756838e-02
    28,  5.5965e+01,  2.0322838898998286e-01, -4.3551364586942864e-02,  1.7214546961945559e-01, -4.6174467520170952e-03,  2.0318616129985562e-01,  4.1354531533445232e-02,  1.6522473392595577e-01,  4.3114232137439739e-04,  8.0729882348082288e-02
    29,  5.7915e+01,  1.7887126682516216e-01, -1.0445203149021978e-01,  1.9016292070170221e-01,  5.9773033704303719e-03,  1.9253068002968318e-01,  9.4734546307646744e-02,  1.8156571254390921e-01, -4.2091049382451057e-03,  1.3353861861980423e-01
    30,  5.9179e+01,  2.0622121317994702e-01, -5.7632447256124195e-02,  1.7973010741129491e-01, -4.1509218627910549e-03,  2.0660564480297547e-01,  5.5403425858823664e-02,  1.6928253434162835e-01, -2.5524695982847641e-03,  3.9056773922083274e-02
    31,  6.0451e+01,  2.0622122808110821e-01, -5.7632447256124195e-02,  1.7973010741129491e-01, -4.1509218627910549e-03,  2.0660564480297547e-01,  5.5403425858823664e-02,  1.6928253434162835e-01, -2.5524695982847641e-03,  3.9056771662451417e-02
    32,  6.1827e+01,  2.0622121317994702e-01, -5.7632462157285388e-02,  1.7973010741129491e-01, -4.1509218627910549e-03,  2.0660564480297547e-01,  5.5403425858823664e-02,  1.6928253434162835e-01, -2.5524695982847641e-03,  3.9056762587883473e-02
    33,  6.3156e+01,  2.0622121317994702e-01, -5.7632447256124195e-02,  1.7973012231245611e-01, -4.1509218627910549e-03,  2.0660564480297547e-01,  5.5403425858823664e-02,  1.6928253434162835e-01, -2.5524695982847641e-03,  3.9056758293678606e-02
    34,  6.4402e+01,  2.0622121317994702e-01, -5.7632447256124195e-02,  1.7973010741129491e-01, -4.1509367639522487e-03,  2.0660564480297547e-01,  5.5403425858823664e-02,  1.6928253434162835e-01, -2.5524695982847641e-03,  3.9056770646256504e-02
    35,  6.5628e+01,  2.0622121317994702e-01, -5.7632447256124195e-02,  1.7973010741129491e-01, -4.1509218627910549e-03,  2.0660565970413666e-01,  5.5403425858823664e-02,  1.6928253434162835e-01, -2.5524695982847641e-03,  3.9056771255220987e-02
    36,  6.6870e+01,  2.0622121317994702e-01, -5.7632447256124195e-02,  1.7973010741129491e-01, -4.1509218627910549e-03,  2.0660564480297547e-01,  5.5403440759984858e-02,  1.6928253434162835e-01, -2.5524695982847641e-03,  3.9056767748051648e-02
    37,  6.8129e+01,  2.0622121317994702e-01, -5.7632447256124195e-02,  1.7973010741129491e-01, -4.1509218627910549e-03,  2.0660564480297547e-01,  5.5403425858823664e-02,  1.6928254924278954e-01, -2.5524695982847641e-03,  3.9056758373169957e-02
    38,  6.9409e+01,  2.0622121317994702e-01, -5.7632447256124195e-02,  1.7973010741129491e-01, -4.1509218627910549e-03,  2.0660564480297547e-01,  5.5403425858823664e-02,  1.6928253434162835e-01, -2.5524844994459579e-03,  3.9056769222706518e-02
    39,  7.1165e+01,  2.0503435084265043e-01, -8.7564070345920952e-02,  1.9263450405406965e-01, -3.2074135142140131e-03,  2.0906261607955240e-01,  8.4601367789043869e-02,  1.7725178179701420e-01, -5.8465302329958925e-03,  1.3214529354690651e-02
    40,  7.2891e+01,  2.0503436574381162e-01, -8.7564070345920952e-02,  1.9263450405406965e-01, -3.2074135142140131e-03,  2.0906261607955240e-01,  8.4601367789043869e-02,  1.7725178179701420e-01, -5.8465302329958925e-03,  1.3214529443076366e-02
    41,  7.4614e+01,  2.0503435084265043e-01, -8.7564085247082146e-02,  1.9263450405406965e-01, -3.2074135142140131e-03,  2.0906261607955240e-01,  8.4601367789043869e-02,  1.7725178179701420e-01, -5.8465302329958925e-03,  1.3214541219597697e-02
    42,  7.6312e+01,  2.0503435084265043e-01, -8.7564070345920952e-02,  1.9263451895523084e-01, -3.2074135142140131e-03,  2.0906261607955240e-01,  8.4601367789043869e-02,  1.7725178179701420e-01, -5.8465302329958925e-03,  1.3214480981188510e-02
    43,  7.8063e+01,  2.0503435084265043e-01, -8.7564070345920952e-02,  1.9263450405406965e-01, -3.2074284153752069e-03,  2.0906261607955240e-01,  8.4601367789043869e-02,  1.7725178179701420e-01, -5.8465302329958925e-03,  1.3214515715751739e-02
    44,  7.9938e+01,  2.0503435084265043e-01, -8.7564070345920952e-02,  1.9263450405406965e-01, -3.2074135142140131e-03,  2.0906263098071359e-01,  8.4601367789043869e-02,  1.7725178179701420e-01, -5.8465302329958925e-03,  1.3214529265943782e-02
    45,  8.1657e+01,  2.0503435084265043e-01, -8.7564070345920952e-02,  1.9263450405406965e-01, -3.2074135142140131e-03,  2.0906261607955240e-01,  8.4601382690205063e-02,  1.7725178179701420e-01, -5.8465302329958925e-03,  1.3214566278359489e-02
    46,  8.3383e+01,  2.0503435084265043e-01, -8.7564070345920952e-02,  1.9263450405406965e-01, -3.2074135142140131e-03,  2.0906261607955240e-01,  8.4601367789043869e-02,  1.7725179669817540e-01, -5.8465302329958925e-03,  1.3214465544325975e-02
    47,  8.5088e+01,  2.0503435084265043e-01, -8.7564070345920952e-02,  1.9263450405406965e-01, -3.2074135142140131e-03,  2.0906261607955240e-01,  8.4601367789043869e-02,  1.7725178179701420e-01, -5.8465451341570863e-03,  1.3214516085441930e-02
    48,  8.6636e+01,  1.3722785164364865e-01, -1.1962088447003873e-01,  1.9652407353604945e-01,  1.5057729095311745e-02,  1.7293236035453538e-01,  8.8871675056452631e-02,  1.9574695487550364e-01,  1.2881932575509892e-02,  2.7935388998579763e-03
    49,  8.8227e+01,  1.3722786654480984e-01, -1.1962088447003873e-01,  1.9652407353604945e-01,  1.5057729095311745e-02,  1.7293236035453538e-01,  8.8871675056452631e-02,  1.9574695487550364e-01,  1.2881932575509892e-02,  2.7935390218618893e-03
    50,  8.9821e+01,  1.3722785164364865e-01, -1.1962089937119992e-01,  1.9652407353604945e-01,  1.5057729095311745e-02,  1.7293236035453538e-01,  8.8871675056452631e-02,  1.9574695487550364e-01,  1.2881932575509892e-02,  2.7935329686686349e-03
    51,  9.1439e+01,  1.3722785164364865e-01, -1.1962088447003873e-01,  1.9652408843721064e-01,  1.5057729095311745e-02,  1.7293236035453538e-01,  8.8871675056452631e-02,  1.9574695487550364e-01,  1.2881932575509892e-02,  2.7935584381723754e-03
    52,  9.3062e+01,  1.3722785164364865e-01, -1.1962088447003873e-01,  1.9652407353604945e-01,  1.5057743996472939e-02,  1.7293236035453538e-01,  8.8871675056452631e-02,  1.9574695487550364e-01,  1.2881932575509892e-02,  2.7935354307833549e-03
    53,  9.4746e+01,  1.3722785164364865e-01, -1.1962088447003873e-01,  1.9652407353604945e-01,  1.5057729095311745e-02,  1.7293237525569657e-01,  8.8871675056452631e-02,  1.9574695487550364e-01,  1.2881932575509892e-02,  2.7935392257102177e-03
    54,  9.6503e+01,  1.3722785164364865e-01, -1.1962088447003873e-01,  1.9652407353604945e-01,  1.5057729095311745e-02,  1.7293236035453538e-01,  8.8871689957613825e-02,  1.9574695487550364e-01,  1.2881932575509892e-02,  2.7935229355200196e-03
    55,  9.8142e+01,  1.3722785164364865e-01, -1.1962088447003873e-01,  1.9652407353604945e-01,  1.5057729095311745e-02,  1.7293236035453538e-01,  8.8871675056452631e-02,  1.9574696977666484e-01,  1.2881932575509892e-02,  2.7935617675189299e-03
    56,  9.9787e+01,  1.3722785164364865e-01, -1.1962088447003873e-01,  1.9652407353604945e-01,  1.5057729095311745e-02,  1.7293236035453538e-01,  8.8871675056452631e-02,  1.9574695487550364e-01,  1.2881947476671086e-02,  2.7935396893708046e-03
    57,  1.0144e+02,  1.3589612814268556e-01, -1.0677914778186348e-01,  1.0711304094869879e-01,  4.2044042101095525e-02,  8.4158765391418935e-02,  1.2044510837536998e-01,  2.9274620722780548e-01,  3.9345672873163234e-02,  1.0167523546133101e+00
    58,  1.0302e+02,  1.1982598003073412e-01, -1.1939170904207276e-01,  1.7694942041861444e-01,  2.6438586607655003e-02,  1.5049959572636684e-01,  9.3487753309472815e-02,  2.1527488832670272e-01,  1.7443732543746204e-02,  2.3632794237655038e-03
    59,  1.0467e+02,  1.1982599493189532e-01, -1.1939170904207276e-01,  1.7694942041861444e-01,  2.6438586607655003e-02,  1.5049959572636684e-01,  9.3487753309472815e-02,  2.1527488832670272e-01,  1.7443732543746204e-02,  2.3632794065092271e-03
    60,  1.0618e+02,  1.1982598003073412e-01, -1.1939172394323395e-01,  1.7694942041861444e-01,  2.6438586607655003e-02,  1.5049959572636684e-01,  9.3487753309472815e-02,  2.1527488832670272e-01,  1.7443732543746204e-02,  2.3632868297198528e-03
    61,  1.0777e+02,  1.1982598003073412e-01, -1.1939170904207276e-01,  1.7694943531977564e-01,  2.6438586607655003e-02,  1.5049959572636684e-01,  9.3487753309472815e-02,  2.1527488832670272e-01,  1.7443732543746204e-02,  2.3632554150699197e-03
    62,  1.1011e+02,  1.1982598003073412e-01, -1.1939170904207276e-01,  1.7694942041861444e-01,  2.6438601508816197e-02,  1.5049959572636684e-01,  9.3487753309472815e-02,  2.1527488832670272e-01,  1.7443732543746204e-02,  2.3632811894144777e-03
    63,  1.1176e+02,  1.1982598003073412e-01, -1.1939170904207276e-01,  1.7694942041861444e-01,  2.6438586607655003e-02,  1.5049961062752804e-01,  9.3487753309472815e-02,  2.1527488832670272e-01,  1.7443732543746204e-02,  2.3632793882602436e-03
    64,  1.1329e+02,  1.1982598003073412e-01, -1.1939170904207276e-01,  1.7694942041861444e-01,  2.6438586607655003e-02,  1.5049959572636684e-01,  9.3487768210634009e-02,  2.1527488832670272e-01,  1.7443732543746204e-02,  2.3632965662849035e-03
    65,  1.1480e+02,  1.1982598003073412e-01, -1.1939170904207276e-01,  1.7694942041861444e-01,  2.6438586607655003e-02,  1.5049959572636684e-01,  9.3487753309472815e-02,  2.1527490322786391e-01,  1.7443732543746204e-02,  2.3632567057859373e-03
    66,  1.1629e+02,  1.1982598003073412e-01, -1.1939170904207276e-01,  1.7694942041861444e-01,  2.6438586607655003e-02,  1.5049959572636684e-01,  9.3487753309472815e-02,  2.1527488832670272e-01,  1.7443747444907398e-02,  2.3632788542843862e-03
    67,  1.1787e+02,  1.1676559541394249e-01, -1.1832136261117504e-01,  1.8321807845302232e-01,  2.1187725158503798e-02,  1.4904952491675186e-01,  9.5187428473539198e-02,  2.1106000154798973e-01,  1.4484862981150707e-02,  9.9129800497798877e-04
    68,  1.1958e+02,  1.1676561031510369e-01, -1.1832136261117504e-01,  1.8321807845302232e-01,  2.1187725158503798e-02,  1.4904952491675186e-01,  9.5187428473539198e-02,  2.1106000154798973e-01,  1.4484862981150707e-02,  9.9129800023544995e-04
    69,  1.2123e+02,  1.1676559541394249e-01, -1.1832137751233623e-01,  1.8321807845302232e-01,  2.1187725158503798e-02,  1.4904952491675186e-01,  9.5187428473539198e-02,  2.1106000154798973e-01,  1.4484862981150707e-02,  9.9129822040525009e-04
    70,  1.2277e+02,  1.1676559541394249e-01, -1.1832136261117504e-01,  1.8321809335418351e-01,  2.1187725158503798e-02,  1.4904952491675186e-01,  9.5187428473539198e-02,  2.1106000154798973e-01,  1.4484862981150707e-02,  9.9129714961847032e-04
    71,  1.2440e+02,  1.1676559541394249e-01, -1.1832136261117504e-01,  1.8321807845302232e-01,  2.1187740059664992e-02,  1.4904952491675186e-01,  9.5187428473539198e-02,  2.1106000154798973e-01,  1.4484862981150707e-02,  9.9129810083894423e-04
    72,  1.2599e+02,  1.1676559541394249e-01, -1.1832136261117504e-01,  1.8321807845302232e-01,  2.1187725158503798e-02,  1.4904953981791305e-01,  9.5187428473539198e-02,  2.1106000154798973e-01,  1.4484862981150707e-02,  9.9129800995681233e-04
    73,  1.2759e+02,  1.1676559541394249e-01, -1.1832136261117504e-01,  1.8321807845302232e-01,  2.1187725158503798e-02,  1.4904952491675186e-01,  9.5187443374700392e-02,  2.1106000154798973e-01,  1.4484862981150707e-02,  9.9129870317179645e-04
    74,  1.2928e+02,  1.1676559541394249e-01, -1.1832136261117504e-01,  1.8321807845302232e-01,  2.1187725158503798e-02,  1.4904952491675186e-01,  9.5187428473539198e-02,  2.1106001644915093e-01,  1.4484862981150707e-02,  9.9129707179816846e-04
    75,  1.3096e+02,  1.1676559541394249e-01, -1.1832136261117504e-01,  1.8321807845302232e-01,  2.1187725158503798e-02,  1.4904952491675186e-01,  9.5187428473539198e-02,  2.1106000154798973e-01,  1.4484877882311901e-02,  9.9129814736692991e-04
    76,  1.3254e+02,  1.1900347399936383e-01, -1.1845642582720414e-01,  1.7249275780459747e-01,  2.5425567669930108e-02,  1.4239392798399783e-01,  9.9759770273798690e-02,  2.2561117677252526e-01,  1.9024229384767305e-02,  1.2131618041763203e-03
    77,  1.3407e+02,  1.1697598506577435e-01, -1.1876356826469801e-01,  1.8049670881330920e-01,  2.2780576997022607e-02,  1.4803861987091396e-01,  9.6037189422397029e-02,  2.1475606479433079e-01,  1.5763535484361782e-02,  9.8917387393221467e-04
    78,  1.3558e+02,  1.1697599996693554e-01, -1.1876356826469801e-01,  1.8049670881330920e-01,  2.2780576997022607e-02,  1.4803861987091396e-01,  9.6037189422397029e-02,  2.1475606479433079e-01,  1.5763535484361782e-02,  9.8917387281500417e-04
    79,  1.3735e+02,  1.1697598506577435e-01, -1.1876358316585921e-01,  1.8049670881330920e-01,  2.2780576997022607e-02,  1.4803861987091396e-01,  9.6037189422397029e-02,  2.1475606479433079e-01,  1.5763535484361782e-02,  9.8917408622215095e-04
    80,  1.3890e+02,  1.1697598506577435e-01, -1.1876356826469801e-01,  1.8049672371447040e-01,  2.2780576997022607e-02,  1.4803861987091396e-01,  9.6037189422397029e-02,  2.1475606479433079e-01,  1.5763535484361782e-02,  9.8917328740438684e-04
    81,  1.4050e+02,  1.1697598506577435e-01, -1.1876356826469801e-01,  1.8049670881330920e-01,  2.2780591898183801e-02,  1.4803861987091396e-01,  9.6037189422397029e-02,  2.1475606479433079e-01,  1.5763535484361782e-02,  9.8917389078755796e-04
    82,  1.4205e+02,  1.1697598506577435e-01, -1.1876356826469801e-01,  1.8049670881330920e-01,  2.2780576997022607e-02,  1.4803863477207516e-01,  9.6037189422397029e-02,  2.1475606479433079e-01,  1.5763535484361782e-02,  9.8917387241518923e-04
    83,  1.4366e+02,  1.1697598506577435e-01, -1.1876356826469801e-01,  1.8049670881330920e-01,  2.2780576997022607e-02,  1.4803861987091396e-01,  9.6037204323558223e-02,  2.1475606479433079e-01,  1.5763535484361782e-02,  9.8917425041462849e-04
    84,  1.4522e+02,  1.1697598506577435e-01, -1.1876356826469801e-01,  1.8049670881330920e-01,  2.2780576997022607e-02,  1.4803861987091396e-01,  9.6037189422397029e-02,  2.1475607969549199e-01,  1.5763535484361782e-02,  9.8917333991929766e-04
    85,  1.4686e+02,  1.1697598506577435e-01, -1.1876356826469801e-01,  1.8049670881330920e-01,  2.2780576997022607e-02,  1.4803861987091396e-01,  9.6037189422397029e-02,  2.1475606479433079e-01,  1.5763550385522976e-02,  9.8917384439271036e-04
    86,  1.4853e+02,  1.1633124972428159e-01, -1.1853810957037043e-01,  1.8323445079748424e-01,  2.1441034610131842e-02,  1.4925770883712441e-01,  9.5092626452203732e-02,  2.1109403526109055e-01,  1.4468239673272073e-02,  9.8944378771916161e-04
    87,  1.5014e+02,  1.1683623223917074e-01, -1.1864085343349468e-01,  1.8122978850981639e-01,  2.2306944686150260e-02,  1.4814622156221682e-01,  9.5938315164988769e-02,  2.1389080305808991e-01,  1.5396021535618211e-02,  9.8812689844750647e-04
    88,  1.5173e+02,  1.1683624714033193e-01, -1.1864085343349468e-01,  1.8122978850981639e-01,  2.2306944686150260e-02,  1.4814622156221682e-01,  9.5938315164988769e-02,  2.1389080305808991e-01,  1.5396021535618211e-02,  9.8812689849587122e-04
    89,  1.5336e+02,  1.1683623223917074e-01, -1.1864086833465587e-01,  1.8122978850981639e-01,  2.2306944686150260e-02,  1.4814622156221682e-01,  9.5938315164988769e-02,  2.1389080305808991e-01,  1.5396021535618211e-02,  9.8812690984498124e-04
    90,  1.5498e+02,  1.1683623223917074e-01, -1.1864085343349468e-01,  1.8122980341097758e-01,  2.2306944686150260e-02,  1.4814622156221682e-01,  9.5938315164988769e-02,  2.1389080305808991e-01,  1.5396021535618211e-02,  9.8812686501297182e-04
    91,  1.5657e+02,  1.1683623223917074e-01, -1.1864085343349468e-01,  1.8122978850981639e-01,  2.2306959587311454e-02,  1.4814622156221682e-01,  9.5938315164988769e-02,  2.1389080305808991e-01,  1.5396021535618211e-02,  9.8812689886475691e-04
    92,  1.5820e+02,  1.1683623223917074e-01, -1.1864085343349468e-01,  1.8122978850981639e-01,  2.2306944686150260e-02,  1.4814623646337802e-01,  9.5938315164988769e-02,  2.1389080305808991e-01,  1.5396021535618211e-02,  9.8812689809110342e-04
    93,  1.5979e+02,  1.1683623223917074e-01, -1.1864085343349468e-01,  1.8122978850981639e-01,  2.2306944686150260e-02,  1.4814622156221682e-01,  9.5938330066149963e-02,  2.1389080305808991e-01,  1.5396021535618211e-02,  9.8812692084450609e-04
    94,  1.6148e+02,  1.1683623223917074e-01, -1.1864085343349468e-01,  1.8122978850981639e-01,  2.2306944686150260e-02,  1.4814622156221682e-01,  9.5938315164988769e-02,  2.1389081795925111e-01,  1.5396021535618211e-02,  9.8812686855564795e-04
    95,  1.6305e+02,  1.1683623223917074e-01, -1.1864085343349468e-01,  1.8122978850981639e-01,  2.2306944686150260e-02,  1.4814622156221682e-01,  9.5938315164988769e-02,  2.1389080305808991e-01,  1.5396036436779404e-02,  9.8812689986367617e-04
    96,  1.6470e+02,  1.1647166617524740e-01, -1.1870296912517651e-01,  1.8250326873168921e-01,  2.1927325208371973e-02,  1.4909975752611593e-01,  9.5264661309947790e-02,  2.1208274500132604e-01,  1.4875499352063965e-02,  9.8832643092343765e-04
    97,  1.6636e+02,  1.1674031010557598e-01, -1.1866108254119405e-01,  1.8155125797474875e-01,  2.2215928589185613e-02,  1.4837828986163362e-01,  9.5768708026437971e-02,  2.1343845877231959e-01,  1.5266094623187041e-02,  9.8809531569901796e-04
    98,  1.6815e+02,  1.1674032500673717e-01, -1.1866108254119405e-01,  1.8155125797474875e-01,  2.2215928589185613e-02,  1.4837828986163362e-01,  9.5768708026437971e-02,  2.1343845877231959e-01,  1.5266094623187041e-02,  9.8809531571782496e-04
    99,  1.7026e+02,  1.1674031010557598e-01, -1.1866109744235524e-01,  1.8155125797474875e-01,  2.2215928589185613e-02,  1.4837828986163362e-01,  9.5768708026437971e-02,  2.1343845877231959e-01,  1.5266094623187041e-02,  9.8809531918915170e-04
   100,  1.7216e+02,  1.1674031010557598e-01, -1.1866108254119405e-01,  1.8155127287590994e-01,  2.2215928589185613e-02,  1.4837828986163362e-01,  9.5768708026437971e-02,  2.1343845877231959e-01,  1.5266094623187041e-02,  9.8809530882423184e-04
   101,  1.7441e+02,  1.1674031010557598e-01, -1.1866108254119405e-01,  1.8155125797474875e-01,  2.2215943490346807e-02,  1.4837828986163362e-01,  9.5768708026437971e-02,  2.1343845877231959e-01,  1.5266094623187041e-02,  9.8809531608804314e-04
   102,  1.7600e+02,  1.1674031010557598e-01, -1.1866108254119405e-01,  1.8155125797474875e-01,  2.2215928589185613e-02,  1.4837830476279482e-01,  9.5768708026437971e-02,  2.1343845877231959e-01,  1.5266094623187041e-02,  9.8809531595678551e-04
   103,  1.7760e+02,  1.1674031010557598e-01, -1.1866108254119405e-01,  1.8155125797474875e-01,  2.2215928589185613e-02,  1.4837828986163362e-01,  9.5768722927599165e-02,  2.1343845877231959e-01,  1.5266094623187041e-02,  9.8809532233834420e-04
   104,  1.7918e+02,  1.1674031010557598e-01, -1.1866108254119405e-01,  1.8155125797474875e-01,  2.2215928589185613e-02,  1.4837828986163362e-01,  9.5768708026437971e-02,  2.1343847367348079e-01,  1.5266094623187041e-02,  9.8809530828092534e-04
   105,  1.8078e+02,  1.1674031010557598e-01, -1.1866108254119405e-01,  1.8155125797474875e-01,  2.2215928589185613e-02,  1.4837828986163362e-01,  9.5768708026437971e-02,  2.1343845877231959e-01,  1.5266109524348235e-02,  9.8809531758804140e-04
   106,  1.8234e+02,  1.1667972822735771e-01, -1.1858396184263088e-01,  1.8189374814705897e-01,  2.1989016819491607e-02,  1.4845806427233449e-01,  9.5696972213398540e-02,  2.1299225744055614e-01,  1.5075454636893103e-02,  9.8811756750660459e-04
   107,  1.8391e+02,  1.1673915907927344e-01, -1.1861238114678503e-01,  1.8162176401410607e-01,  2.2128587857557488e-02,  1.4834213819568587e-01,  9.5787118203556967e-02,  2.1335703581948043e-01,  1.5208332306326039e-02,  9.8809556823393758e-04
   108,  1.8556e+02,  1.1674162754386096e-01, -1.1864368994455858e-01,  1.8156403826218290e-01,  2.2192641912856959e-02,  1.4836750159812465e-01,  9.5775588760035543e-02,  2.1342318012642955e-01,  1.5250140517563879e-02,  9.8809487980940840e-04
   109,  1.8713e+02,  1.1674164244502215e-01, -1.1864368994455858e-01,  1.8156403826218290e-01,  2.2192641912856959e-02,  1.4836750159812465e-01,  9.5775588760035543e-02,  2.1342318012642955e-01,  1.5250140517563879e-02,  9.8809487988201243e-04
   110,  1.8869e+02,  1.1674162754386096e-01, -1.1864370484571977e-01,  1.8156403826218290e-01,  2.2192641912856959e-02,  1.4836750159812465e-01,  9.5775588760035543e-02,  2.1342318012642955e-01,  1.5250140517563879e-02,  9.8809487919096343e-04
   111,  1.9031e+02,  1.1674162754386096e-01, -1.1864368994455858e-01,  1.8156405316334409e-01,  2.2192641912856959e-02,  1.4836750159812465e-01,  9.5775588760035543e-02,  2.1342318012642955e-01,  1.5250140517563879e-02,  9.8809487927719025e-04
   112,  1.9188e+02,  1.1674162754386096e-01, -1.1864368994455858e-01,  1.8156403826218290e-01,  2.2192656814018153e-02,  1.4836750159812465e-01,  9.5775588760035543e-02,  2.1342318012642955e-01,  1.5250140517563879e-02,  9.8809487977441208e-04
   113,  1.9363e+02,  1.1674162754386096e-01, -1.1864368994455858e-01,  1.8156403826218290e-01,  2.2192641912856959e-02,  1.4836751649928584e-01,  9.5775588760035543e-02,  2.1342318012642955e-01,  1.5250140517563879e-02,  9.8809488029902781e-04
   114,  1.9567e+02,  1.1674162754386096e-01, -1.1864368994455858e-01,  1.8156403826218290e-01,  2.2192641912856959e-02,  1.4836750159812465e-01,  9.5775603661196737e-02,  2.1342318012642955e-01,  1.5250140517563879e-02,  9.8809487963608697e-04
   115,  1.9785e+02,  1.1674162754386096e-01, -1.1864368994455858e-01,  1.8156403826218290e-01,  2.2192641912856959e-02,  1.4836750159812465e-01,  9.5775588760035543e-02,  2.1342319502759075e-01,  1.5250140517563879e-02,  9.8809487996721359e-04
   116,  2.0016e+02,  1.1674162754386096e-01, -1.1864368994455858e-01,  1.8156403826218290e-01,  2.2192641912856959e-02,  1.4836750159812465e-01,  9.5775588760035543e-02,  2.1342318012642955e-01,  1.5250155418725073e-02,  9.8809487996303030e-04
   117,  2.0222e+02,  1.1673202806887752e-01, -1.1864673791852973e-01,  1.8158116927896853e-01,  2.2185469540068756e-02,  1.4833883653295069e-01,  9.5772735795325512e-02,  2.1340416646291616e-01,  1.5245257359623676e-02,  9.8809516331628002e-04
   118,  2.0436e+02,  1.1673946999030890e-01, -1.1864658261205555e-01,  1.8156844600747074e-01,  2.2192402219491730e-02,  1.4835999748881920e-01,  9.5775107476619242e-02,  2.1341935534224135e-01,  1.5249733028232248e-02,  9.8809481955863115e-04
   119,  2.0600e+02,  1.1673948489147010e-01, -1.1864658261205555e-01,  1.8156844600747074e-01,  2.2192402219491730e-02,  1.4835999748881920e-01,  9.5775107476619242e-02,  2.1341935534224135e-01,  1.5249733028232248e-02,  9.8809481960027471e-04
   120,  2.0772e+02,  1.1673946999030890e-01, -1.1864659751321674e-01,  1.8156844600747074e-01,  2.2192402219491730e-02,  1.4835999748881920e-01,  9.5775107476619242e-02,  2.1341935534224135e-01,  1.5249733028232248e-02,  9.8809481929894066e-04
   121,  2.0932e+02,  1.1673946999030890e-01, -1.1864658261205555e-01,  1.8156846090863193e-01,  2.2192402219491730e-02,  1.4835999748881920e-01,  9.5775107476619242e-02,  2.1341935534224135e-01,  1.5249733028232248e-02,  9.8809481960432854e-04
   122,  2.1091e+02,  1.1673946999030890e-01, -1.1864658261205555e-01,  1.8156844600747074e-01,  2.2192417120652924e-02,  1.4835999748881920e-01,  9.5775107476619242e-02,  2.1341935534224135e-01,  1.5249733028232248e-02,  9.8809481989904483e-04
   123,  2.1254e+02,  1.1673946999030890e-01, -1.1864658261205555e-01,  1.8156844600747074e-01,  2.2192402219491730e-02,  1.4836001238998039e-01,  9.5775107476619242e-02,  2.1341935534224135e-01,  1.5249733028232248e-02,  9.8809481922888559e-04
   124,  2.1413e+02,  1.1673946999030890e-01, -1.1864658261205555e-01,  1.8156844600747074e-01,  2.2192402219491730e-02,  1.4835999748881920e-01,  9.5775122377780436e-02,  2.1341935534224135e-01,  1.5249733028232248e-02,  9.8809481943421744e-04
   125,  2.1571e+02,  1.1673946999030890e-01, -1.1864658261205555e-01,  1.8156844600747074e-01,  2.2192402219491730e-02,  1.4835999748881920e-01,  9.5775107476619242e-02,  2.1341937024340255e-01,  1.5249733028232248e-02,  9.8809481958291967e-04
   126,  2.1726e+02,  1.1673946999030890e-01, -1.1864658261205555e-01,  1.8156844600747074e-01,  2.2192402219491730e-02,  1.4835999748881920e-01,  9.5775107476619242e-02,  2.1341935534224135e-01,  1.5249747929393442e-02,  9.8809481959441481e-04
   127,  2.1886e+02,  1.1673911240981660e-01, -1.1864655895254247e-01,  1.8156890487723551e-01,  2.2191647539680170e-02,  1.4836210009397802e-01,  9.5776085906015704e-02,  2.1341955540183508e-01,  1.5249328570475961e-02,  9.8809475720900266e-04
   128,  2.2048e+02,  1.1673912731097780e-01, -1.1864655895254247e-01,  1.8156890487723551e-01,  2.2191647539680170e-02,  1.4836210009397802e-01,  9.5776085906015704e-02,  2.1341955540183508e-01,  1.5249328570475961e-02,  9.8809475775834144e-04
   129,  2.2204e+02,  1.1673911240981660e-01, -1.1864657385370367e-01,  1.8156890487723551e-01,  2.2191647539680170e-02,  1.4836210009397802e-01,  9.5776085906015704e-02,  2.1341955540183508e-01,  1.5249328570475961e-02,  9.8809475757821990e-04
   130,  2.2363e+02,  1.1673911240981660e-01, -1.1864655895254247e-01,  1.8156891977839670e-01,  2.2191647539680170e-02,  1.4836210009397802e-01,  9.5776085906015704e-02,  2.1341955540183508e-01,  1.5249328570475961e-02,  9.8809475784848982e-04
   131,  2.2521e+02,  1.1673911240981660e-01, -1.1864655895254247e-01,  1.8156890487723551e-01,  2.2191662440841364e-02,  1.4836210009397802e-01,  9.5776085906015704e-02,  2.1341955540183508e-01,  1.5249328570475961e-02,  9.8809475733890374e-04
   132,  2.2679e+02,  1.1673911240981660e-01, -1.1864655895254247e-01,  1.8156890487723551e-01,  2.2191647539680170e-02,  1.4836211499513921e-01,  9.5776085906015704e-02,  2.1341955540183508e-01,  1.5249328570475961e-02,  9.8809475782752807e-04
   133,  2.2838e+02,  1.1673911240981660e-01, -1.1864655895254247e-01,  1.8156890487723551e-01,  2.2191647539680170e-02,  1.4836210009397802e-01,  9.5776100807176898e-02,  2.1341955540183508e-01,  1.5249328570475961e-02,  9.8809475747484209e-04
   134,  2.3004e+02,  1.1673911240981660e-01, -1.1864655895254247e-01,  1.8156890487723551e-01,  2.2191647539680170e-02,  1.4836210009397802e-01,  9.5776085906015704e-02,  2.1341957030299627e-01,  1.5249328570475961e-02,  9.8809475740182823e-04
   135,  2.3163e+02,  1.1673911240981660e-01, -1.1864655895254247e-01,  1.8156890487723551e-01,  2.2191647539680170e-02,  1.4836210009397802e-01,  9.5776085906015704e-02,  2.1341955540183508e-01,  1.5249343471637155e-02,  9.8809475769260214e-04
   136,  2.3321e+02,  1.1673599985940226e-01, -1.1864503181057545e-01,  1.8156825263566290e-01,  2.2190864609619852e-02,  1.4835859297028686e-01,  9.5776364243872272e-02,  2.1341980769979180e-01,  1.5248648818728956e-02,  9.8809479203199220e-04
   137,  2.3477e+02,  1.1673839667206268e-01, -1.1864602427744340e-01,  1.8156859683998258e-01,  2.2191541987065449e-02,  1.4836130879433801e-01,  9.5775959683010004e-02,  2.1341956349648913e-01,  1.5249052412748683e-02,  9.8809476973884354e-04
   138,  2.3632e+02,  1.1673894838442572e-01, -1.1864642276484239e-01,  1.8156880797106470e-01,  2.2191631736162395e-02,  1.4836191706261223e-01,  9.5776031089590596e-02,  2.1341955358468281e-01,  1.5249229514716718e-02,  9.8809476073753689e-04
   139,  2.3788e+02,  1.1673907325029094e-01, -1.1864652912032196e-01,  1.8156887635115981e-01,  2.2191641950293110e-02,  1.4836205611308206e-01,  9.5776069833879707e-02,  2.1341955420733691e-01,  1.5249298976177711e-02,  9.8809475826838549e-04
   140,  2.3953e+02,  1.1673910287304719e-01, -1.1864655245775320e-01,  1.8156889672518470e-01,  2.2191645753597042e-02,  1.4836208936207182e-01,  9.5776081997133833e-02,  2.1341955455154810e-01,  1.5249320684495079e-02,  9.8809475777624466e-04
   141,  2.4111e+02,  1.1673911005726578e-01, -1.1864655744697546e-01,  1.8156890268883025e-01,  2.2191647063851683e-02,  1.4836209744540024e-01,  9.5776084999160516e-02,  2.1341955507042509e-01,  1.5249326571725109e-02,  9.8809475748937604e-04
   142,  2.4273e+02,  1.1673911182452870e-01, -1.1864655858599489e-01,  1.8156890431682227e-01,  2.2191647419098032e-02,  1.4836209943497397e-01,  9.5776085687197504e-02,  2.1341955530727161e-01,  1.5249328069674594e-02,  9.8809475741784580e-04
