  00001  00000
   1.000000000000E+000
   4.739208802179E-002
  00001  00002
   7.599088773175E-001
   9.187095528773E-015
  00001  00003
   9.935946381747E-001
   4.612772027656E-002
  00001  00004
   9.288237456583E-001
   3.334245855970E-002
  00001  00005
   9.981010973778E-001
   4.701725966824E-002
  00001  00007
   7.599088773175E-001
   7.965850201685E-015
  00001  00008
   7.599088773175E-001
   6.911138328292E-015
  00001  00009
   7.599088773175E-001
   4.385380947269E-015
  00001  00010
   7.599088773175E-001
   2.026157019941E-015
  00001  00012
   7.599088773175E-001
   5.551115123126E-016
  00001  00013
   7.599088773175E-001
   1.942890293094E-015
  00001  00014
   7.599088773175E-001
   1.249000902703E-015
  00001  00015
   7.599088773175E-001
   8.881784197001E-016
  00001  00017
   7.599088773175E-001
   1.665334536938E-016
  00001  00018
   7.599088773175E-001
   5.273559366969E-016
  00001  00019
   7.599088773175E-001
   1.665334536938E-016
  00001  00020
   7.599088773175E-001
   1.110223024625E-016
  00001  00022
   7.599088773175E-001
   2.775557561563E-017
  00001  00023
   7.599088773175E-001
   2.775557561563E-017
  00001  00024
   7.599088773175E-001
   2.498001805407E-016
  00001  00025
   7.599088773175E-001
   2.498001805407E-016
