       1       1      30      30
   2.000000000000E-001
   2.448275862069E-001
   2.896551724138E-001
   3.344827586207E-001
   3.793103448276E-001
   4.241379310345E-001
   4.689655172414E-001
   5.137931034483E-001
   5.586206896552E-001
   6.034482758621E-001
   6.482758620690E-001
   6.931034482759E-001
   7.379310344828E-001
   7.827586206897E-001
   8.275862068966E-001
   8.724137931034E-001
   9.172413793103E-001
   9.620689655172E-001
   1.006896551724E+000
   1.051724137931E+000
   1.096551724138E+000
   1.141379310345E+000
   1.186206896552E+000
   1.231034482759E+000
   1.275862068966E+000
   1.320689655172E+000
   1.365517241379E+000
   1.410344827586E+000
   1.455172413793E+000
   1.500000000000E+000
  -1.105215823956E-001
  -1.016729715533E-001
  -9.282436071093E-002
  -8.397574986857E-002
  -7.512713902622E-002
  -6.627852818386E-002
  -5.742991734151E-002
  -4.858130649915E-002
  -3.973269565679E-002
  -3.088408481444E-002
  -2.203547397208E-002
  -1.318686312973E-002
  -4.338252287371E-003
   4.510358554985E-003
   1.335896939734E-002
   2.220758023970E-002
   3.105619108205E-002
   3.990480192441E-002
   4.875341276677E-002
   5.760202360912E-002
   6.645063445148E-002
   7.529924529383E-002
   8.414785613619E-002
   9.299646697855E-002
   1.018450778209E-001
   1.106936886633E-001
   1.195422995056E-001
   1.283909103480E-001
   1.372395211903E-001
   1.460881320327E-001
