       1       1     201     201
  -2.000000000000E+001
  -1.980000000000E+001
  -1.960000000000E+001
  -1.940000000000E+001
  -1.920000000000E+001
  -1.900000000000E+001
  -1.880000000000E+001
  -1.860000000000E+001
  -1.840000000000E+001
  -1.820000000000E+001
  -1.800000000000E+001
  -1.780000000000E+001
  -1.760000000000E+001
  -1.740000000000E+001
  -1.720000000000E+001
  -1.700000000000E+001
  -1.680000000000E+001
  -1.660000000000E+001
  -1.640000000000E+001
  -1.620000000000E+001
  -1.600000000000E+001
  -1.580000000000E+001
  -1.560000000000E+001
  -1.540000000000E+001
  -1.520000000000E+001
  -1.500000000000E+001
  -1.480000000000E+001
  -1.460000000000E+001
  -1.440000000000E+001
  -1.420000000000E+001
  -1.400000000000E+001
  -1.380000000000E+001
  -1.360000000000E+001
  -1.340000000000E+001
  -1.320000000000E+001
  -1.300000000000E+001
  -1.280000000000E+001
  -1.260000000000E+001
  -1.240000000000E+001
  -1.220000000000E+001
  -1.200000000000E+001
  -1.180000000000E+001
  -1.160000000000E+001
  -1.140000000000E+001
  -1.120000000000E+001
  -1.100000000000E+001
  -1.080000000000E+001
  -1.060000000000E+001
  -1.040000000000E+001
  -1.020000000000E+001
  -1.000000000000E+001
  -9.800000000000E+000
  -9.600000000000E+000
  -9.400000000000E+000
  -9.200000000000E+000
  -9.000000000000E+000
  -8.800000000000E+000
  -8.600000000000E+000
  -8.400000000000E+000
  -8.200000000000E+000
  -8.000000000000E+000
  -7.800000000000E+000
  -7.600000000000E+000
  -7.400000000000E+000
  -7.200000000000E+000
  -7.000000000000E+000
  -6.800000000000E+000
  -6.600000000000E+000
  -6.400000000000E+000
  -6.200000000000E+000
  -6.000000000000E+000
  -5.800000000000E+000
  -5.600000000000E+000
  -5.400000000000E+000
  -5.200000000000E+000
  -5.000000000000E+000
  -4.800000000000E+000
  -4.600000000000E+000
  -4.400000000000E+000
  -4.200000000000E+000
  -4.000000000000E+000
  -3.800000000000E+000
  -3.600000000000E+000
  -3.400000000000E+000
  -3.200000000000E+000
  -3.000000000000E+000
  -2.800000000000E+000
  -2.600000000000E+000
  -2.400000000000E+000
  -2.200000000000E+000
  -2.000000000000E+000
  -1.800000000000E+000
  -1.600000000000E+000
  -1.400000000000E+000
  -1.200000000000E+000
  -1.000000000000E+000
  -8.000000000000E-001
  -6.000000000000E-001
  -4.000000000000E-001
  -2.000000000000E-001
   0.000000000000E+000
   2.000000000000E-001
   4.000000000000E-001
   6.000000000000E-001
   8.000000000000E-001
   1.000000000000E+000
   1.200000000000E+000
   1.400000000000E+000
   1.600000000000E+000
   1.800000000000E+000
   2.000000000000E+000
   2.200000000000E+000
   2.400000000000E+000
   2.600000000000E+000
   2.800000000000E+000
   3.000000000000E+000
   3.200000000000E+000
   3.400000000000E+000
   3.600000000000E+000
   3.800000000000E+000
   4.000000000000E+000
   4.200000000000E+000
   4.400000000000E+000
   4.600000000000E+000
   4.800000000000E+000
   5.000000000000E+000
   5.200000000000E+000
   5.400000000000E+000
   5.600000000000E+000
   5.800000000000E+000
   6.000000000000E+000
   6.200000000000E+000
   6.400000000000E+000
   6.600000000000E+000
   6.800000000000E+000
   7.000000000000E+000
   7.200000000000E+000
   7.400000000000E+000
   7.600000000000E+000
   7.800000000000E+000
   8.000000000000E+000
   8.200000000000E+000
   8.400000000000E+000
   8.600000000000E+000
   8.800000000000E+000
   9.000000000000E+000
   9.200000000000E+000
   9.400000000000E+000
   9.600000000000E+000
   9.800000000000E+000
   1.000000000000E+001
   1.020000000000E+001
   1.040000000000E+001
   1.060000000000E+001
   1.080000000000E+001
   1.100000000000E+001
   1.120000000000E+001
   1.140000000000E+001
   1.160000000000E+001
   1.180000000000E+001
   1.200000000000E+001
   1.220000000000E+001
   1.240000000000E+001
   1.260000000000E+001
   1.280000000000E+001
   1.300000000000E+001
   1.320000000000E+001
   1.340000000000E+001
   1.360000000000E+001
   1.380000000000E+001
   1.400000000000E+001
   1.420000000000E+001
   1.440000000000E+001
   1.460000000000E+001
   1.480000000000E+001
   1.500000000000E+001
   1.520000000000E+001
   1.540000000000E+001
   1.560000000000E+001
   1.580000000000E+001
   1.600000000000E+001
   1.620000000000E+001
   1.640000000000E+001
   1.660000000000E+001
   1.680000000000E+001
   1.700000000000E+001
   1.720000000000E+001
   1.740000000000E+001
   1.760000000000E+001
   1.780000000000E+001
   1.800000000000E+001
   1.820000000000E+001
   1.840000000000E+001
   1.860000000000E+001
   1.880000000000E+001
   1.900000000000E+001
   1.920000000000E+001
   1.940000000000E+001
   1.960000000000E+001
   1.980000000000E+001
   2.000000000000E+001
  -1.270663160742E+000
  -1.247498412881E+000
  -1.224259393779E+000
  -1.200965804836E+000
  -1.177611877487E+000
  -1.155698010204E+000
  -1.130749244907E+000
  -1.107245304375E+000
  -1.085250593423E+000
  -1.060129940448E+000
  -1.036522126392E+000
  -1.012889488067E+000
  -9.892306433633E-001
  -9.655555993855E-001
  -9.418733152151E-001
  -9.181824317925E-001
  -8.944887338112E-001
  -8.725386904589E-001
  -8.471269735498E-001
  -8.234706703403E-001
  -8.015647423286E-001
  -7.778010941152E-001
  -7.526435673435E-001
  -7.291081723778E-001
  -7.068185203909E-001
  -6.821757012756E-001
  -6.587981154688E-001
  -6.363334506831E-001
  -6.122452451397E-001
  -5.890838872619E-001
  -5.666896962602E-001
  -5.430272075384E-001
  -5.201426252295E-001
  -4.979106548469E-001
  -4.751787953877E-001
  -4.521659539932E-001
  -4.303594546315E-001
  -4.074795509713E-001
  -3.853508510211E-001
  -3.633658312673E-001
  -3.415461390815E-001
  -3.198894142620E-001
  -2.984036569038E-001
  -2.771024445615E-001
  -2.559869323910E-001
  -2.350678932518E-001
  -2.143572914330E-001
  -1.938540594908E-001
  -1.735749399316E-001
  -1.535180491849E-001
  -1.336983913434E-001
  -1.141212833499E-001
  -9.479669593881E-002
  -7.572774553211E-002
  -5.692212360200E-002
  -3.838973757768E-002
  -2.013955291173E-002
  -2.177703500231E-003
   1.548884940495E-002
   3.285350881957E-002
   4.990922926960E-002
   6.664634087443E-002
   8.305950565205E-002
   9.914309553305E-002
   1.148876425436E-001
   1.302868149206E-001
   1.453373578207E-001
   1.600282079861E-001
   1.743537980072E-001
   1.883090993816E-001
   2.018869435501E-001
   2.150815577108E-001
   2.278875469547E-001
   2.402979449929E-001
   2.523086731940E-001
   2.639145728159E-001
   2.751084090772E-001
   2.858859567652E-001
   2.962429851613E-001
   3.061741838844E-001
   3.156747746355E-001
   3.247402480146E-001
   3.333691032487E-001
   3.415512935287E-001
   3.492916074840E-001
   3.565739190973E-001
   3.634117954784E-001
   3.697865084032E-001
   3.756974796789E-001
   3.811500771292E-001
   3.861372183131E-001
   3.906598122319E-001
   3.947063304296E-001
   3.982838378148E-001
   4.013877826160E-001
   4.040166943349E-001
   4.061707619067E-001
   4.078446561554E-001
   4.090418863125E-001
   4.097601539780E-001
   4.099995716646E-001
   4.097604456923E-001
   4.090421309250E-001
   4.078446561547E-001
   4.061693271562E-001
   4.040142236054E-001
   4.013877826133E-001
   3.982838378181E-001
   3.947026305128E-001
   3.906531709972E-001
   3.861372183019E-001
   3.811494013993E-001
   3.756974796883E-001
   3.697865084009E-001
   3.634086199800E-001
   3.565777405759E-001
   3.492916075062E-001
   3.415485363389E-001
   3.333691032555E-001
   3.247402480151E-001
   3.156747746403E-001
   3.061741838683E-001
   2.962429851833E-001
   2.858859568083E-001
   2.751084090397E-001
   2.639145728290E-001
   2.523086732106E-001
   2.402979450022E-001
   2.278875469309E-001
   2.150815577099E-001
   2.018869435428E-001
   1.883090993678E-001
   1.743537979971E-001
   1.600282079703E-001
   1.453373577888E-001
   1.302868149183E-001
   1.148876425576E-001
   9.914309553138E-002
   8.305950566785E-002
   6.664634084637E-002
   4.990922927006E-002
   3.285350880189E-002
   1.548884944513E-002
  -2.177703480711E-003
  -2.013955289491E-002
  -3.838973761587E-002
  -5.692212365347E-002
  -7.572774556856E-002
  -9.479669587577E-002
  -1.141212832999E-001
  -1.336983912917E-001
  -1.535180492089E-001
  -1.735749399484E-001
  -1.938540595093E-001
  -2.143572913211E-001
  -2.350678931599E-001
  -2.559869323117E-001
  -2.771024445099E-001
  -2.984036569077E-001
  -3.198894143037E-001
  -3.415461391421E-001
  -3.633658311806E-001
  -3.853508510136E-001
  -4.074795510711E-001
  -4.297547498219E-001
  -4.521659539842E-001
  -4.747069373317E-001
  -4.973687888214E-001
  -5.201426252973E-001
  -5.430272076437E-001
  -5.660084884784E-001
  -5.890838872361E-001
  -6.122452451289E-001
  -6.354848129790E-001
  -6.587981154432E-001
  -6.821757012444E-001
  -7.056154809262E-001
  -7.291081723871E-001
  -7.526435674405E-001
  -7.762191284860E-001
  -7.998325906855E-001
  -8.234706702545E-001
  -8.471269736493E-001
  -8.708058001638E-001
  -8.944887337367E-001
  -9.181824319216E-001
  -9.418733151406E-001
  -9.655555994111E-001
  -9.892306434186E-001
  -1.012889488045E+000
  -1.036522126444E+000
  -1.060129940494E+000
  -1.083708115948E+000
  -1.107245304299E+000
  -1.130749244789E+000
  -1.154203384121E+000
  -1.177611877404E+000
  -1.200965804673E+000
  -1.224259393382E+000
  -1.247498412873E+000
  -1.270663160430E+000
