Problem type:
least_squares
nparams:
8
function_evaluation,seconds,x(0),x(1),x(2),x(3),x(4),x(5),x(6),x(7),objective_function
     0,  7.7506e+00,  1.4999999999999999e-01,  0.0000000000000000e+00,  2.0000000000000001e-01,  0.0000000000000000e+00,  1.4999999999999999e-01,  0.0000000000000000e+00,  2.0699999999999999e-01,  0.0000000000000000e+00,  1.3661282491297362e+00
     1,  2.5447e+01,  1.4999999999999999e-01,  0.0000000000000000e+00,  2.0000000000000001e-01,  0.0000000000000000e+00,  1.4999999999999999e-01,  0.0000000000000000e+00,  2.0699999999999999e-01,  0.0000000000000000e+00,  1.3661282491297362e+00
     2,  2.5471e+01,  1.5000010000000000e-01,  0.0000000000000000e+00,  2.0000000000000001e-01,  0.0000000000000000e+00,  1.4999999999999999e-01,  0.0000000000000000e+00,  2.0699999999999999e-01,  0.0000000000000000e+00,  1.3661282135929920e+00
     3,  2.5475e+01,  1.4999999999999999e-01,  9.9999999999999995e-08,  2.0000000000000001e-01,  0.0000000000000000e+00,  1.4999999999999999e-01,  0.0000000000000000e+00,  2.0699999999999999e-01,  0.0000000000000000e+00,  1.3661278666346428e+00
     4,  2.5479e+01,  1.4999999999999999e-01,  0.0000000000000000e+00,  2.0000010000000001e-01,  0.0000000000000000e+00,  1.4999999999999999e-01,  0.0000000000000000e+00,  2.0699999999999999e-01,  0.0000000000000000e+00,  1.3661309163852411e+00
     5,  2.5484e+01,  1.4999999999999999e-01,  0.0000000000000000e+00,  2.0000000000000001e-01,  9.9999999999999995e-08,  1.4999999999999999e-01,  0.0000000000000000e+00,  2.0699999999999999e-01,  0.0000000000000000e+00,  1.3661278536462422e+00
     6,  2.5488e+01,  1.4999999999999999e-01,  0.0000000000000000e+00,  2.0000000000000001e-01,  0.0000000000000000e+00,  1.5000010000000000e-01,  0.0000000000000000e+00,  2.0699999999999999e-01,  0.0000000000000000e+00,  1.3661282143653215e+00
     7,  2.5521e+01,  1.4999999999999999e-01,  0.0000000000000000e+00,  2.0000000000000001e-01,  0.0000000000000000e+00,  1.4999999999999999e-01,  9.9999999999999995e-08,  2.0699999999999999e-01,  0.0000000000000000e+00,  1.3661278584482175e+00
     8,  2.5535e+01,  1.4999999999999999e-01,  0.0000000000000000e+00,  2.0000000000000001e-01,  0.0000000000000000e+00,  1.4999999999999999e-01,  0.0000000000000000e+00,  2.0700009999999999e-01,  0.0000000000000000e+00,  1.3661308315490386e+00
     9,  2.5539e+01,  1.4999999999999999e-01,  0.0000000000000000e+00,  2.0000000000000001e-01,  0.0000000000000000e+00,  1.4999999999999999e-01,  0.0000000000000000e+00,  2.0699999999999999e-01,  9.9999999999999995e-08,  1.3661278710269484e+00
    10,  4.3284e+01,  3.7402459553674849e-01, -1.0311281078839367e-01,  1.6607308275186855e-01,  7.0273832907518123e-03,  3.8036446105059929e-01,  9.6033698016894209e-02,  1.4852200696174672e-01, -1.0925990862221445e-02,  5.1101122778821608e+00
    11,  5.1859e+01,  1.9301778787346202e-01, -1.3876699241407746e-02,  1.5772593032564997e-01,  1.7288458670922048e-03,  1.9220639555642285e-01,  1.2256817756173585e-02,  1.5990862709093129e-01, -2.8595384136464864e-03,  2.3355704992941051e-01
    12,  6.9916e+01,  1.9301778787346202e-01, -1.3876699241407746e-02,  1.5772593032564997e-01,  1.7288458670922048e-03,  1.9220639555642285e-01,  1.2256817756173585e-02,  1.5990862709093129e-01, -2.8595384136464864e-03,  2.3355704992941051e-01
    13,  6.9919e+01,  1.9301788787346202e-01, -1.3876699241407746e-02,  1.5772593032564997e-01,  1.7288458670922048e-03,  1.9220639555642285e-01,  1.2256817756173585e-02,  1.5990862709093129e-01, -2.8595384136464864e-03,  2.3355700480079586e-01
    14,  6.9923e+01,  1.9301778787346202e-01, -1.3876599241407746e-02,  1.5772593032564997e-01,  1.7288458670922048e-03,  1.9220639555642285e-01,  1.2256817756173585e-02,  1.5990862709093129e-01, -2.8595384136464864e-03,  2.3355727619048849e-01
    15,  6.9927e+01,  1.9301778787346202e-01, -1.3876699241407746e-02,  1.5772603032564997e-01,  1.7288458670922048e-03,  1.9220639555642285e-01,  1.2256817756173585e-02,  1.5990862709093129e-01, -2.8595384136464864e-03,  2.3355582944017478e-01
    16,  6.9931e+01,  1.9301778787346202e-01, -1.3876699241407746e-02,  1.5772593032564997e-01,  1.7289458670922049e-03,  1.9220639555642285e-01,  1.2256817756173585e-02,  1.5990862709093129e-01, -2.8595384136464864e-03,  2.3355733252568733e-01
    17,  6.9934e+01,  1.9301778787346202e-01, -1.3876699241407746e-02,  1.5772593032564997e-01,  1.7288458670922048e-03,  1.9220649555642286e-01,  1.2256817756173585e-02,  1.5990862709093129e-01, -2.8595384136464864e-03,  2.3355700743300242e-01
    18,  6.9938e+01,  1.9301778787346202e-01, -1.3876699241407746e-02,  1.5772593032564997e-01,  1.7288458670922048e-03,  1.9220639555642285e-01,  1.2256917756173585e-02,  1.5990862709093129e-01, -2.8595384136464864e-03,  2.3355731541615718e-01
    19,  6.9980e+01,  1.9301778787346202e-01, -1.3876699241407746e-02,  1.5772593032564997e-01,  1.7288458670922048e-03,  1.9220639555642285e-01,  1.2256817756173585e-02,  1.5990872709093129e-01, -2.8595384136464864e-03,  2.3355583486792997e-01
    20,  6.9984e+01,  1.9301778787346202e-01, -1.3876699241407746e-02,  1.5772593032564997e-01,  1.7288458670922048e-03,  1.9220639555642285e-01,  1.2256817756173585e-02,  1.5990862709093129e-01, -2.8594384136464866e-03,  2.3355726384865053e-01
    21,  8.9180e+01,  2.4575012411859459e-01, -1.2397708373334398e-01,  1.8599540197528217e-01, -1.9592933927710429e-02,  2.4649853100543495e-01,  1.2487740422210007e-01,  1.6326508319544367e-01,  9.9223418379462483e-03,  5.7898484195641196e+00
    22,  9.5925e+01,  2.0709298676925031e-01, -3.9719842116925141e-02,  1.7061110998961476e-01, -4.7463942274755047e-03,  2.0648174465935001e-01,  3.8213817658478422e-02,  1.6556624291431846e-01,  9.0140898839300701e-04,  8.2852981897439601e-02
    23,  1.0932e+02,  2.0709298676925031e-01, -3.9719842116925141e-02,  1.7061110998961476e-01, -4.7463942274755047e-03,  2.0648174465935001e-01,  3.8213817658478422e-02,  1.6556624291431846e-01,  9.0140898839300701e-04,  8.2852981897439601e-02
    24,  1.0932e+02,  2.0709308676925031e-01, -3.9719842116925141e-02,  1.7061110998961476e-01, -4.7463942274755047e-03,  2.0648174465935001e-01,  3.8213817658478422e-02,  1.6556624291431846e-01,  9.0140898839300701e-04,  8.2852951771071465e-02
    25,  1.0933e+02,  2.0709298676925031e-01, -3.9719742116925139e-02,  1.7061110998961476e-01, -4.7463942274755047e-03,  2.0648174465935001e-01,  3.8213817658478422e-02,  1.6556624291431846e-01,  9.0140898839300701e-04,  8.2853090912553148e-02
    26,  1.0936e+02,  2.0709298676925031e-01, -3.9719842116925141e-02,  1.7061120998961476e-01, -4.7463942274755047e-03,  2.0648174465935001e-01,  3.8213817658478422e-02,  1.6556624291431846e-01,  9.0140898839300701e-04,  8.2852633773928624e-02
    27,  1.0936e+02,  2.0709298676925031e-01, -3.9719842116925141e-02,  1.7061110998961476e-01, -4.7462942274755044e-03,  2.0648174465935001e-01,  3.8213817658478422e-02,  1.6556624291431846e-01,  9.0140898839300701e-04,  8.2853047213767628e-02
    28,  1.0936e+02,  2.0709298676925031e-01, -3.9719842116925141e-02,  1.7061110998961476e-01, -4.7463942274755047e-03,  2.0648184465935002e-01,  3.8213817658478422e-02,  1.6556624291431846e-01,  9.0140898839300701e-04,  8.2852950957604407e-02
    29,  1.0936e+02,  2.0709298676925031e-01, -3.9719842116925141e-02,  1.7061110998961476e-01, -4.7463942274755047e-03,  2.0648174465935001e-01,  3.8213917658478425e-02,  1.6556624291431846e-01,  9.0140898839300701e-04,  8.2853020845239211e-02
    30,  1.0938e+02,  2.0709298676925031e-01, -3.9719842116925141e-02,  1.7061110998961476e-01, -4.7463942274755047e-03,  2.0648174465935001e-01,  3.8213817658478422e-02,  1.6556634291431846e-01,  9.0140898839300701e-04,  8.2852620996870019e-02
    31,  1.0939e+02,  2.0709298676925031e-01, -3.9719842116925141e-02,  1.7061110998961476e-01, -4.7463942274755047e-03,  2.0648174465935001e-01,  3.8213817658478422e-02,  1.6556624291431846e-01,  9.0150898839300695e-04,  8.2853088740603167e-02
    32,  1.1968e+02,  1.9443627018152637e-01, -1.0122561286549950e-01,  1.9134330518352005e-01,  4.2917189012560471e-03,  2.0382204205919408e-01,  9.5611444340913954e-02,  1.7708064220645423e-01, -9.1860002726444207e-03,  1.7868550157579302e-01
    33,  1.2592e+02,  2.1076608453419587e-01, -5.3823131925911455e-02,  1.7802157842188193e-01, -4.1570665219416783e-03,  2.1043422659384545e-01,  5.2177376711488491e-02,  1.6881466923963598e-01, -2.3540491410149900e-03,  4.1449869112832986e-02
    34,  1.3900e+02,  2.1076608453419587e-01, -5.3823131925911455e-02,  1.7802157842188193e-01, -4.1570665219416783e-03,  2.1043422659384545e-01,  5.2177376711488491e-02,  1.6881466923963598e-01, -2.3540491410149900e-03,  4.1449869112832986e-02
    35,  1.3901e+02,  2.1076618453419588e-01, -5.3823131925911455e-02,  1.7802157842188193e-01, -4.1570665219416783e-03,  2.1043422659384545e-01,  5.2177376711488491e-02,  1.6881466923963598e-01, -2.3540491410149900e-03,  4.1449849673521187e-02
    36,  1.3902e+02,  2.1076608453419587e-01, -5.3823031925911452e-02,  1.7802157842188193e-01, -4.1570665219416783e-03,  2.1043422659384545e-01,  5.2177376711488491e-02,  1.6881466923963598e-01, -2.3540491410149900e-03,  4.1449952467849119e-02
    37,  1.3902e+02,  2.1076608453419587e-01, -5.3823131925911455e-02,  1.7802167842188193e-01, -4.1570665219416783e-03,  2.1043422659384545e-01,  5.2177376711488491e-02,  1.6881466923963598e-01, -2.3540491410149900e-03,  4.1449764383220844e-02
    38,  1.3904e+02,  2.1076608453419587e-01, -5.3823131925911455e-02,  1.7802157842188193e-01, -4.1569665219416780e-03,  2.1043422659384545e-01,  5.2177376711488491e-02,  1.6881466923963598e-01, -2.3540491410149900e-03,  4.1449893461332772e-02
    39,  1.3904e+02,  2.1076608453419587e-01, -5.3823131925911455e-02,  1.7802157842188193e-01, -4.1570665219416783e-03,  2.1043432659384545e-01,  5.2177376711488491e-02,  1.6881466923963598e-01, -2.3540491410149900e-03,  4.1449847628263613e-02
    40,  1.3905e+02,  2.1076608453419587e-01, -5.3823131925911455e-02,  1.7802157842188193e-01, -4.1570665219416783e-03,  2.1043422659384545e-01,  5.2177476711488494e-02,  1.6881466923963598e-01, -2.3540491410149900e-03,  4.1449822643047515e-02
    41,  1.3905e+02,  2.1076608453419587e-01, -5.3823131925911455e-02,  1.7802157842188193e-01, -4.1570665219416783e-03,  2.1043422659384545e-01,  5.2177376711488491e-02,  1.6881476923963598e-01, -2.3540491410149900e-03,  4.1449767320220612e-02
    42,  1.3905e+02,  2.1076608453419587e-01, -5.3823131925911455e-02,  1.7802157842188193e-01, -4.1570665219416783e-03,  2.1043422659384545e-01,  5.2177376711488491e-02,  1.6881466923963598e-01, -2.3539491410149902e-03,  4.1449903215815445e-02
    43,  1.4672e+02,  2.1474622359440107e-01, -8.3039538182869341e-02,  1.9063990332813835e-01, -4.2359624611100115e-03,  2.1587774393687034e-01,  8.1726366988218654e-02,  1.7552949185543271e-01, -6.9484833043294203e-03,  1.2016683254123910e-02
    44,  1.6378e+02,  2.1474622359440107e-01, -8.3039538182869341e-02,  1.9063990332813835e-01, -4.2359624611100115e-03,  2.1587774393687034e-01,  8.1726366988218654e-02,  1.7552949185543271e-01, -6.9484833043294203e-03,  1.2016683254123910e-02
    45,  1.6379e+02,  2.1474632359440107e-01, -8.3039538182869341e-02,  1.9063990332813835e-01, -4.2359624611100115e-03,  2.1587774393687034e-01,  8.1726366988218654e-02,  1.7552949185543271e-01, -6.9484833043294203e-03,  1.2016680441177654e-02
    46,  1.6379e+02,  2.1474622359440107e-01, -8.3039438182869338e-02,  1.9063990332813835e-01, -4.2359624611100115e-03,  2.1587774393687034e-01,  8.1726366988218654e-02,  1.7552949185543271e-01, -6.9484833043294203e-03,  1.2016617199853748e-02
    47,  1.6379e+02,  2.1474622359440107e-01, -8.3039538182869341e-02,  1.9064000332813835e-01, -4.2359624611100115e-03,  2.1587774393687034e-01,  8.1726366988218654e-02,  1.7552949185543271e-01, -6.9484833043294203e-03,  1.2016358683001363e-02
    48,  1.6380e+02,  2.1474622359440107e-01, -8.3039538182869341e-02,  1.9063990332813835e-01, -4.2358624611100112e-03,  2.1587774393687034e-01,  8.1726366988218654e-02,  1.7552949185543271e-01, -6.9484833043294203e-03,  1.2016783381774549e-02
    49,  1.6380e+02,  2.1474622359440107e-01, -8.3039538182869341e-02,  1.9063990332813835e-01, -4.2359624611100115e-03,  2.1587784393687035e-01,  8.1726366988218654e-02,  1.7552949185543271e-01, -6.9484833043294203e-03,  1.2016680866244625e-02
    50,  1.6381e+02,  2.1474622359440107e-01, -8.3039538182869341e-02,  1.9063990332813835e-01, -4.2359624611100115e-03,  2.1587774393687034e-01,  8.1726466988218657e-02,  1.7552949185543271e-01, -6.9484833043294203e-03,  1.2016924119041317e-02
    51,  1.6383e+02,  2.1474622359440107e-01, -8.3039538182869341e-02,  1.9063990332813835e-01, -4.2359624611100115e-03,  2.1587774393687034e-01,  8.1726366988218654e-02,  1.7552959185543271e-01, -6.9484833043294203e-03,  1.2016254113665132e-02
    52,  1.6383e+02,  2.1474622359440107e-01, -8.3039538182869341e-02,  1.9063990332813835e-01, -4.2359624611100115e-03,  2.1587774393687034e-01,  8.1726366988218654e-02,  1.7552949185543271e-01, -6.9483833043294200e-03,  1.2016781175471492e-02
    53,  1.7148e+02,  1.4693450656270240e-01, -1.1414861014522909e-01,  2.0159687544646884e-01,  7.4406730077177718e-03,  1.7431011439487415e-01,  9.1384126302236329e-02,  1.8898834018903354e-01,  5.9231670096276849e-03,  5.6704709044486492e-04
    54,  1.8805e+02,  1.4693450656270240e-01, -1.1414861014522909e-01,  2.0159687544646884e-01,  7.4406730077177718e-03,  1.7431011439487415e-01,  9.1384126302236329e-02,  1.8898834018903354e-01,  5.9231670096276849e-03,  5.6704709044486492e-04
    55,  1.8806e+02,  1.4693460656270241e-01, -1.1414861014522909e-01,  2.0159687544646884e-01,  7.4406730077177718e-03,  1.7431011439487415e-01,  9.1384126302236329e-02,  1.8898834018903354e-01,  5.9231670096276849e-03,  5.6704781823012297e-04
    56,  1.8806e+02,  1.4693450656270240e-01, -1.1414851014522909e-01,  2.0159687544646884e-01,  7.4406730077177718e-03,  1.7431011439487415e-01,  9.1384126302236329e-02,  1.8898834018903354e-01,  5.9231670096276849e-03,  5.6704929968529548e-04
    57,  1.8808e+02,  1.4693450656270240e-01, -1.1414861014522909e-01,  2.0159697544646885e-01,  7.4406730077177718e-03,  1.7431011439487415e-01,  9.1384126302236329e-02,  1.8898834018903354e-01,  5.9231670096276849e-03,  5.6705399639164517e-04
    58,  1.8809e+02,  1.4693450656270240e-01, -1.1414861014522909e-01,  2.0159687544646884e-01,  7.4407730077177721e-03,  1.7431011439487415e-01,  9.1384126302236329e-02,  1.8898834018903354e-01,  5.9231670096276849e-03,  5.6704326432964090e-04
    59,  1.8809e+02,  1.4693450656270240e-01, -1.1414861014522909e-01,  2.0159687544646884e-01,  7.4406730077177718e-03,  1.7431021439487415e-01,  9.1384126302236329e-02,  1.8898834018903354e-01,  5.9231670096276849e-03,  5.6704854567102248e-04
    60,  1.8810e+02,  1.4693450656270240e-01, -1.1414861014522909e-01,  2.0159687544646884e-01,  7.4406730077177718e-03,  1.7431011439487415e-01,  9.1384226302236332e-02,  1.8898834018903354e-01,  5.9231670096276849e-03,  5.6704926656874876e-04
    61,  1.8811e+02,  1.4693450656270240e-01, -1.1414861014522909e-01,  2.0159687544646884e-01,  7.4406730077177718e-03,  1.7431011439487415e-01,  9.1384126302236329e-02,  1.8898844018903355e-01,  5.9231670096276849e-03,  5.6705131258614203e-04
    62,  1.8811e+02,  1.4693450656270240e-01, -1.1414861014522909e-01,  2.0159687544646884e-01,  7.4406730077177718e-03,  1.7431011439487415e-01,  9.1384126302236329e-02,  1.8898834018903354e-01,  5.9232670096276852e-03,  5.6705777742745882e-04
    63,  1.9516e+02,  1.3329042420046500e-01, -1.0613972838542984e-01,  1.3493986135618752e-01,  2.9331998778396637e-02,  1.0932582294417705e-01,  1.1241246930893101e-01,  2.5847737756810224e-01,  2.7119509701155002e-02,  2.2532214115417479e-01
    64,  2.0263e+02,  1.2460059102756313e-01, -1.1542381572763717e-01,  1.9380068515170271e-01,  1.3437326953550457e-02,  1.5818393281698054e-01,  9.3465969452794867e-02,  1.9782409411498755e-01,  8.1841381949276978e-03,  3.1954816986717253e-04
    65,  2.1918e+02,  1.2460059102756313e-01, -1.1542381572763717e-01,  1.9380068515170271e-01,  1.3437326953550457e-02,  1.5818393281698054e-01,  9.3465969452794867e-02,  1.9782409411498755e-01,  8.1841381949276978e-03,  3.1954816986717253e-04
    66,  2.1918e+02,  1.2460069102756313e-01, -1.1542381572763717e-01,  1.9380068515170271e-01,  1.3437326953550457e-02,  1.5818393281698054e-01,  9.3465969452794867e-02,  1.9782409411498755e-01,  8.1841381949276978e-03,  3.1954826297315054e-04
    67,  2.1919e+02,  1.2460059102756313e-01, -1.1542371572763717e-01,  1.9380068515170271e-01,  1.3437326953550457e-02,  1.5818393281698054e-01,  9.3465969452794867e-02,  1.9782409411498755e-01,  8.1841381949276978e-03,  3.1953994132723971e-04
    68,  2.1921e+02,  1.2460059102756313e-01, -1.1542381572763717e-01,  1.9380078515170271e-01,  1.3437326953550457e-02,  1.5818393281698054e-01,  9.3465969452794867e-02,  1.9782409411498755e-01,  8.1841381949276978e-03,  3.1952378392855293e-04
    69,  2.1922e+02,  1.2460059102756313e-01, -1.1542381572763717e-01,  1.9380068515170271e-01,  1.3437426953550456e-02,  1.5818393281698054e-01,  9.3465969452794867e-02,  1.9782409411498755e-01,  8.1841381949276978e-03,  3.1955169944542563e-04
    70,  2.1922e+02,  1.2460059102756313e-01, -1.1542381572763717e-01,  1.9380068515170271e-01,  1.3437326953550457e-02,  1.5818403281698054e-01,  9.3465969452794867e-02,  1.9782409411498755e-01,  8.1841381949276978e-03,  3.1954821420139968e-04
    71,  2.1924e+02,  1.2460059102756313e-01, -1.1542381572763717e-01,  1.9380068515170271e-01,  1.3437326953550457e-02,  1.5818393281698054e-01,  9.3466069452794870e-02,  1.9782409411498755e-01,  8.1841381949276978e-03,  3.1956807216311392e-04
    72,  2.1924e+02,  1.2460059102756313e-01, -1.1542381572763717e-01,  1.9380068515170271e-01,  1.3437326953550457e-02,  1.5818393281698054e-01,  9.3465969452794867e-02,  1.9782419411498756e-01,  8.1841381949276978e-03,  3.1951975923476315e-04
    73,  2.1924e+02,  1.2460059102756313e-01, -1.1542381572763717e-01,  1.9380068515170271e-01,  1.3437326953550457e-02,  1.5818393281698054e-01,  9.3465969452794867e-02,  1.9782409411498755e-01,  8.1842381949276972e-03,  3.1955026942877832e-04
    74,  2.2634e+02,  1.2626652581422601e-01, -1.1163885554911164e-01,  1.5987951159218616e-01,  2.3525498748502467e-02,  1.3286503782816406e-01,  1.0627427465486677e-01,  2.3733366300047332e-01,  2.0156573802138165e-02,  1.6622732927614434e-02
    75,  2.3365e+02,  1.2203821996127182e-01, -1.1473710269563724e-01,  1.8597671711286187e-01,  1.5753821616488792e-02,  1.5120763870674997e-01,  9.6897527404114628e-02,  2.0754219345999905e-01,  1.0955692058259669e-02,  3.2208014708617818e-04
    76,  2.4079e+02,  1.2225718632521562e-01, -1.1554610734172575e-01,  1.9263116332706171e-01,  1.3858643712204945e-02,  1.5646373154061310e-01,  9.4257963977142062e-02,  1.9979177808621748e-01,  8.6857912247071834e-03,  2.7625376044411535e-04
    77,  2.5565e+02,  1.2225718632521562e-01, -1.1554610734172575e-01,  1.9263116332706171e-01,  1.3858643712204945e-02,  1.5646373154061310e-01,  9.4257963977142062e-02,  1.9979177808621748e-01,  8.6857912247071834e-03,  2.7625376044411535e-04
    78,  2.5565e+02,  1.2225728632521563e-01, -1.1554610734172575e-01,  1.9263116332706171e-01,  1.3858643712204945e-02,  1.5646373154061310e-01,  9.4257963977142062e-02,  1.9979177808621748e-01,  8.6857912247071834e-03,  2.7625380316470668e-04
    79,  2.5568e+02,  1.2225718632521562e-01, -1.1554600734172575e-01,  1.9263116332706171e-01,  1.3858643712204945e-02,  1.5646373154061310e-01,  9.4257963977142062e-02,  1.9979177808621748e-01,  8.6857912247071834e-03,  2.7625340466692308e-04
    80,  2.5568e+02,  1.2225718632521562e-01, -1.1554610734172575e-01,  1.9263126332706171e-01,  1.3858643712204945e-02,  1.5646373154061310e-01,  9.4257963977142062e-02,  1.9979177808621748e-01,  8.6857912247071834e-03,  2.7625282518463563e-04
    81,  2.5568e+02,  1.2225718632521562e-01, -1.1554610734172575e-01,  1.9263116332706171e-01,  1.3858743712204944e-02,  1.5646373154061310e-01,  9.4257963977142062e-02,  1.9979177808621748e-01,  8.6857912247071834e-03,  2.7625380097154762e-04
    82,  2.5570e+02,  1.2225718632521562e-01, -1.1554610734172575e-01,  1.9263116332706171e-01,  1.3858643712204945e-02,  1.5646383154061311e-01,  9.4257963977142062e-02,  1.9979177808621748e-01,  8.6857912247071834e-03,  2.7625378937338243e-04
    83,  2.5570e+02,  1.2225718632521562e-01, -1.1554610734172575e-01,  1.9263116332706171e-01,  1.3858643712204945e-02,  1.5646373154061310e-01,  9.4258063977142065e-02,  1.9979177808621748e-01,  8.6857912247071834e-03,  2.7625437089539759e-04
    84,  2.5570e+02,  1.2225718632521562e-01, -1.1554610734172575e-01,  1.9263116332706171e-01,  1.3858643712204945e-02,  1.5646373154061310e-01,  9.4257963977142062e-02,  1.9979187808621748e-01,  8.6857912247071834e-03,  2.7625272820714064e-04
    85,  2.5571e+02,  1.2225718632521562e-01, -1.1554610734172575e-01,  1.9263116332706171e-01,  1.3858643712204945e-02,  1.5646373154061310e-01,  9.4257963977142062e-02,  1.9979177808621748e-01,  8.6858912247071828e-03,  2.7625374597876380e-04
    86,  2.6282e+02,  1.2141164183735398e-01, -1.1516892740915587e-01,  1.8863554614535230e-01,  1.5026222736799157e-02,  1.5306777432312083e-01,  9.6062200810521178e-02,  2.0470332397400323e-01,  1.0082146518464360e-02,  2.7569600563769016e-04
    87,  2.7739e+02,  1.2141164183735398e-01, -1.1516892740915587e-01,  1.8863554614535230e-01,  1.5026222736799157e-02,  1.5306777432312083e-01,  9.6062200810521178e-02,  2.0470332397400323e-01,  1.0082146518464360e-02,  2.7569600563769016e-04
    88,  2.7740e+02,  1.2141174183735398e-01, -1.1516892740915587e-01,  1.8863554614535230e-01,  1.5026222736799157e-02,  1.5306777432312083e-01,  9.6062200810521178e-02,  2.0470332397400323e-01,  1.0082146518464360e-02,  2.7569598396354363e-04
    89,  2.7740e+02,  1.2141164183735398e-01, -1.1516882740915586e-01,  1.8863554614535230e-01,  1.5026222736799157e-02,  1.5306777432312083e-01,  9.6062200810521178e-02,  2.0470332397400323e-01,  1.0082146518464360e-02,  2.7569307656781321e-04
    90,  2.7741e+02,  1.2141164183735398e-01, -1.1516892740915587e-01,  1.8863564614535230e-01,  1.5026222736799157e-02,  1.5306777432312083e-01,  9.6062200810521178e-02,  2.0470332397400323e-01,  1.0082146518464360e-02,  2.7568845488020859e-04
    91,  2.7741e+02,  1.2141164183735398e-01, -1.1516892740915587e-01,  1.8863554614535230e-01,  1.5026322736799156e-02,  1.5306777432312083e-01,  9.6062200810521178e-02,  2.0470332397400323e-01,  1.0082146518464360e-02,  2.7569636000401859e-04
    92,  2.7742e+02,  1.2141164183735398e-01, -1.1516892740915587e-01,  1.8863554614535230e-01,  1.5026222736799157e-02,  1.5306787432312083e-01,  9.6062200810521178e-02,  2.0470332397400323e-01,  1.0082146518464360e-02,  2.7569600729556565e-04
    93,  2.7745e+02,  1.2141164183735398e-01, -1.1516892740915587e-01,  1.8863554614535230e-01,  1.5026222736799157e-02,  1.5306777432312083e-01,  9.6062300810521181e-02,  2.0470332397400323e-01,  1.0082146518464360e-02,  2.7570098749292687e-04
    94,  2.7746e+02,  1.2141164183735398e-01, -1.1516892740915587e-01,  1.8863554614535230e-01,  1.5026222736799157e-02,  1.5306777432312083e-01,  9.6062200810521178e-02,  2.0470342397400323e-01,  1.0082146518464360e-02,  2.7568837733639819e-04
    95,  2.7746e+02,  1.2141164183735398e-01, -1.1516892740915587e-01,  1.8863554614535230e-01,  1.5026222736799157e-02,  1.5306777432312083e-01,  9.6062200810521178e-02,  2.0470332397400323e-01,  1.0082246518464360e-02,  2.7569597365195893e-04
    96,  2.8465e+02,  1.2137762731780392e-01, -1.1512869185846936e-01,  1.8779859858927667e-01,  1.5245635585044789e-02,  1.5215287957618445e-01,  9.6629570244239016e-02,  2.0599155563788851e-01,  1.0429296386253785e-02,  2.7170444770418124e-04
    97,  2.9932e+02,  1.2137762731780392e-01, -1.1512869185846936e-01,  1.8779859858927667e-01,  1.5245635585044789e-02,  1.5215287957618445e-01,  9.6629570244239016e-02,  2.0599155563788851e-01,  1.0429296386253785e-02,  2.7170444770418124e-04
    98,  2.9933e+02,  1.2137772731780393e-01, -1.1512869185846936e-01,  1.8779859858927667e-01,  1.5245635585044789e-02,  1.5215287957618445e-01,  9.6629570244239016e-02,  2.0599155563788851e-01,  1.0429296386253785e-02,  2.7170444687284483e-04
    99,  2.9933e+02,  1.2137762731780392e-01, -1.1512859185846935e-01,  1.8779859858927667e-01,  1.5245635585044789e-02,  1.5215287957618445e-01,  9.6629570244239016e-02,  2.0599155563788851e-01,  1.0429296386253785e-02,  2.7170427777729140e-04
   100,  2.9935e+02,  1.2137762731780392e-01, -1.1512869185846936e-01,  1.8779869858927667e-01,  1.5245635585044789e-02,  1.5215287957618445e-01,  9.6629570244239016e-02,  2.0599155563788851e-01,  1.0429296386253785e-02,  2.7170403584519709e-04
   101,  2.9935e+02,  1.2137762731780392e-01, -1.1512869185846936e-01,  1.8779859858927667e-01,  1.5245735585044788e-02,  1.5215287957618445e-01,  9.6629570244239016e-02,  2.0599155563788851e-01,  1.0429296386253785e-02,  2.7170445548590632e-04
   102,  2.9935e+02,  1.2137762731780392e-01, -1.1512869185846936e-01,  1.8779859858927667e-01,  1.5245635585044789e-02,  1.5215297957618446e-01,  9.6629570244239016e-02,  2.0599155563788851e-01,  1.0429296386253785e-02,  2.7170446312575563e-04
   103,  2.9936e+02,  1.2137762731780392e-01, -1.1512869185846936e-01,  1.8779859858927667e-01,  1.5245635585044789e-02,  1.5215287957618445e-01,  9.6629670244239019e-02,  2.0599155563788851e-01,  1.0429296386253785e-02,  2.7170470791655079e-04
   104,  2.9938e+02,  1.2137762731780392e-01, -1.1512869185846936e-01,  1.8779859858927667e-01,  1.5245635585044789e-02,  1.5215287957618445e-01,  9.6629570244239016e-02,  2.0599165563788852e-01,  1.0429296386253785e-02,  2.7170401321166272e-04
   105,  2.9939e+02,  1.2137762731780392e-01, -1.1512869185846936e-01,  1.8779859858927667e-01,  1.5245635585044789e-02,  1.5215287957618445e-01,  9.6629570244239016e-02,  2.0599155563788851e-01,  1.0429396386253785e-02,  2.7170443162621567e-04
   106,  3.0627e+02,  1.2168083352295585e-01, -1.1486992666457858e-01,  1.8588977213494060e-01,  1.5672926060174033e-02,  1.5046762017243145e-01,  9.7674935887952882e-02,  2.0852283300937105e-01,  1.1089774204453444e-02,  2.7078978186237070e-04
   107,  3.2092e+02,  1.2168083352295585e-01, -1.1486992666457858e-01,  1.8588977213494060e-01,  1.5672926060174033e-02,  1.5046762017243145e-01,  9.7674935887952882e-02,  2.0852283300937105e-01,  1.1089774204453444e-02,  2.7078978186237070e-04
   108,  3.2092e+02,  1.2168093352295585e-01, -1.1486992666457858e-01,  1.8588977213494060e-01,  1.5672926060174033e-02,  1.5046762017243145e-01,  9.7674935887952882e-02,  2.0852283300937105e-01,  1.1089774204453444e-02,  2.7078977180667137e-04
   109,  3.2093e+02,  1.2168083352295585e-01, -1.1486982666457858e-01,  1.8588977213494060e-01,  1.5672926060174033e-02,  1.5046762017243145e-01,  9.7674935887952882e-02,  2.0852283300937105e-01,  1.1089774204453444e-02,  2.7078904830968585e-04
   110,  3.2094e+02,  1.2168083352295585e-01, -1.1486992666457858e-01,  1.8588987213494060e-01,  1.5672926060174033e-02,  1.5046762017243145e-01,  9.7674935887952882e-02,  2.0852283300937105e-01,  1.1089774204453444e-02,  2.7078790096280114e-04
   111,  3.2095e+02,  1.2168083352295585e-01, -1.1486992666457858e-01,  1.8588977213494060e-01,  1.5673026060174032e-02,  1.5046762017243145e-01,  9.7674935887952882e-02,  2.0852283300937105e-01,  1.1089774204453444e-02,  2.7078984764559251e-04
   112,  3.2095e+02,  1.2168083352295585e-01, -1.1486992666457858e-01,  1.8588977213494060e-01,  1.5672926060174033e-02,  1.5046772017243146e-01,  9.7674935887952882e-02,  2.0852283300937105e-01,  1.1089774204453444e-02,  2.7078978990789160e-04
   113,  3.2096e+02,  1.2168083352295585e-01, -1.1486992666457858e-01,  1.8588977213494060e-01,  1.5672926060174033e-02,  1.5046762017243145e-01,  9.7675035887952885e-02,  2.0852283300937105e-01,  1.1089774204453444e-02,  2.7079096954317418e-04
   114,  3.2096e+02,  1.2168083352295585e-01, -1.1486992666457858e-01,  1.8588977213494060e-01,  1.5672926060174033e-02,  1.5046762017243145e-01,  9.7674935887952882e-02,  2.0852293300937105e-01,  1.1089774204453444e-02,  2.7078794525069790e-04
   115,  3.2097e+02,  1.2168083352295585e-01, -1.1486992666457858e-01,  1.8588977213494060e-01,  1.5672926060174033e-02,  1.5046762017243145e-01,  9.7674935887952882e-02,  2.0852283300937105e-01,  1.1089874204453443e-02,  2.7078974846846804e-04
   116,  3.2805e+02,  1.2212357943011230e-01, -1.1460038652969599e-01,  1.8407907991655509e-01,  1.6010331578654901e-02,  1.4875492331242529e-01,  9.8815029137727786e-02,  2.1106833066643557e-01,  1.1712468019431569e-02,  2.6994657735536758e-04
   117,  3.4337e+02,  1.2212357943011230e-01, -1.1460038652969599e-01,  1.8407907991655509e-01,  1.6010331578654901e-02,  1.4875492331242529e-01,  9.8815029137727786e-02,  2.1106833066643557e-01,  1.1712468019431569e-02,  2.6994657735536758e-04
   118,  3.4338e+02,  1.2212367943011231e-01, -1.1460038652969599e-01,  1.8407907991655509e-01,  1.6010331578654901e-02,  1.4875492331242529e-01,  9.8815029137727786e-02,  2.1106833066643557e-01,  1.1712468019431569e-02,  2.6994656781907954e-04
   119,  3.4338e+02,  1.2212357943011230e-01, -1.1460028652969599e-01,  1.8407907991655509e-01,  1.6010331578654901e-02,  1.4875492331242529e-01,  9.8815029137727786e-02,  2.1106833066643557e-01,  1.1712468019431569e-02,  2.6994585365376292e-04
   120,  3.4338e+02,  1.2212357943011230e-01, -1.1460038652969599e-01,  1.8407917991655509e-01,  1.6010331578654901e-02,  1.4875492331242529e-01,  9.8815029137727786e-02,  2.1106833066643557e-01,  1.1712468019431569e-02,  2.6994475504112266e-04
   121,  3.4339e+02,  1.2212357943011230e-01, -1.1460038652969599e-01,  1.8407907991655509e-01,  1.6010431578654900e-02,  1.4875492331242529e-01,  9.8815029137727786e-02,  2.1106833066643557e-01,  1.1712468019431569e-02,  2.6994662190202133e-04
   122,  3.4339e+02,  1.2212357943011230e-01, -1.1460038652969599e-01,  1.8407907991655509e-01,  1.6010331578654901e-02,  1.4875502331242529e-01,  9.8815029137727786e-02,  2.1106833066643557e-01,  1.1712468019431569e-02,  2.6994658342565828e-04
   123,  3.4339e+02,  1.2212357943011230e-01, -1.1460038652969599e-01,  1.8407907991655509e-01,  1.6010331578654901e-02,  1.4875492331242529e-01,  9.8815129137727789e-02,  2.1106833066643557e-01,  1.1712468019431569e-02,  2.6994770299430256e-04
   124,  3.4340e+02,  1.2212357943011230e-01, -1.1460038652969599e-01,  1.8407907991655509e-01,  1.6010331578654901e-02,  1.4875492331242529e-01,  9.8815029137727786e-02,  2.1106843066643557e-01,  1.1712468019431569e-02,  2.6994485288297864e-04
   125,  3.4344e+02,  1.2212357943011230e-01, -1.1460038652969599e-01,  1.8407907991655509e-01,  1.6010331578654901e-02,  1.4875492331242529e-01,  9.8815029137727786e-02,  2.1106833066643557e-01,  1.1712568019431569e-02,  2.6994653918855499e-04
   126,  3.5149e+02,  1.2262502316594666e-01, -1.1430053302856648e-01,  1.8234779119699848e-01,  1.6258471411762680e-02,  1.4700344385924788e-01,  1.0003866220036566e-01,  2.1361143991577583e-01,  1.2285982559335129e-02,  2.6938962535481229e-04
   127,  3.6975e+02,  1.2262502316594666e-01, -1.1430053302856648e-01,  1.8234779119699848e-01,  1.6258471411762680e-02,  1.4700344385924788e-01,  1.0003866220036566e-01,  2.1361143991577583e-01,  1.2285982559335129e-02,  2.6938962535481229e-04
   128,  3.6976e+02,  1.2262512316594666e-01, -1.1430053302856648e-01,  1.8234779119699848e-01,  1.6258471411762680e-02,  1.4700344385924788e-01,  1.0003866220036566e-01,  2.1361143991577583e-01,  1.2285982559335129e-02,  2.6938961655403421e-04
   129,  3.6976e+02,  1.2262502316594666e-01, -1.1430043302856648e-01,  1.8234779119699848e-01,  1.6258471411762680e-02,  1.4700344385924788e-01,  1.0003866220036566e-01,  2.1361143991577583e-01,  1.2285982559335129e-02,  2.6938892167519950e-04
   130,  3.6976e+02,  1.2262502316594666e-01, -1.1430053302856648e-01,  1.8234789119699849e-01,  1.6258471411762680e-02,  1.4700344385924788e-01,  1.0003866220036566e-01,  2.1361143991577583e-01,  1.2285982559335129e-02,  2.6938787068747080e-04
   131,  3.6977e+02,  1.2262502316594666e-01, -1.1430053302856648e-01,  1.8234779119699848e-01,  1.6258571411762679e-02,  1.4700344385924788e-01,  1.0003866220036566e-01,  2.1361143991577583e-01,  1.2285982559335129e-02,  2.6938965382971219e-04
   132,  3.6977e+02,  1.2262502316594666e-01, -1.1430053302856648e-01,  1.8234779119699848e-01,  1.6258471411762680e-02,  1.4700354385924788e-01,  1.0003866220036566e-01,  2.1361143991577583e-01,  1.2285982559335129e-02,  2.6938962831163848e-04
   133,  3.6977e+02,  1.2262502316594666e-01, -1.1430053302856648e-01,  1.8234779119699848e-01,  1.6258471411762680e-02,  1.4700344385924788e-01,  1.0003876220036566e-01,  2.1361143991577583e-01,  1.2285982559335129e-02,  2.6939067932101073e-04
   134,  3.6977e+02,  1.2262502316594666e-01, -1.1430053302856648e-01,  1.8234779119699848e-01,  1.6258471411762680e-02,  1.4700344385924788e-01,  1.0003866220036566e-01,  2.1361153991577583e-01,  1.2285982559335129e-02,  2.6938801763702256e-04
   135,  3.6978e+02,  1.2262502316594666e-01, -1.1430053302856648e-01,  1.8234779119699848e-01,  1.6258471411762680e-02,  1.4700344385924788e-01,  1.0003866220036566e-01,  2.1361143991577583e-01,  1.2286082559335129e-02,  2.6938958043724442e-04
   136,  3.7811e+02,  1.2317334581927329e-01, -1.1391883033192315e-01,  1.8073308484816214e-01,  1.6339514405835483e-02,  1.4516028108162929e-01,  1.0138845720106382e-01,  2.1611380589739479e-01,  1.2755390018501296e-02,  2.6908145675991142e-04
   137,  3.9362e+02,  1.2317334581927329e-01, -1.1391883033192315e-01,  1.8073308484816214e-01,  1.6339514405835483e-02,  1.4516028108162929e-01,  1.0138845720106382e-01,  2.1611380589739479e-01,  1.2755390018501296e-02,  2.6908145675991142e-04
   138,  3.9362e+02,  1.2317344581927329e-01, -1.1391883033192315e-01,  1.8073308484816214e-01,  1.6339514405835483e-02,  1.4516028108162929e-01,  1.0138845720106382e-01,  2.1611380589739479e-01,  1.2755390018501296e-02,  2.6908144810358425e-04
   139,  3.9362e+02,  1.2317334581927329e-01, -1.1391873033192315e-01,  1.8073308484816214e-01,  1.6339514405835483e-02,  1.4516028108162929e-01,  1.0138845720106382e-01,  2.1611380589739479e-01,  1.2755390018501296e-02,  2.6908082569154264e-04
   140,  3.9362e+02,  1.2317334581927329e-01, -1.1391883033192315e-01,  1.8073318484816214e-01,  1.6339514405835483e-02,  1.4516028108162929e-01,  1.0138845720106382e-01,  2.1611380589739479e-01,  1.2755390018501296e-02,  2.6907987868577603e-04
   141,  3.9365e+02,  1.2317334581927329e-01, -1.1391883033192315e-01,  1.8073308484816214e-01,  1.6339614405835482e-02,  1.4516028108162929e-01,  1.0138845720106382e-01,  2.1611380589739479e-01,  1.2755390018501296e-02,  2.6908146870228288e-04
   142,  3.9365e+02,  1.2317334581927329e-01, -1.1391883033192315e-01,  1.8073308484816214e-01,  1.6339514405835483e-02,  1.4516038108162929e-01,  1.0138845720106382e-01,  2.1611380589739479e-01,  1.2755390018501296e-02,  2.6908145625804600e-04
   143,  3.9366e+02,  1.2317334581927329e-01, -1.1391883033192315e-01,  1.8073308484816214e-01,  1.6339514405835483e-02,  1.4516028108162929e-01,  1.0138855720106382e-01,  2.1611380589739479e-01,  1.2755390018501296e-02,  2.6908236858822816e-04
   144,  3.9366e+02,  1.2317334581927329e-01, -1.1391883033192315e-01,  1.8073308484816214e-01,  1.6339514405835483e-02,  1.4516028108162929e-01,  1.0138845720106382e-01,  2.1611390589739479e-01,  1.2755390018501296e-02,  2.6908005950789855e-04
   145,  3.9367e+02,  1.2317334581927329e-01, -1.1391883033192315e-01,  1.8073308484816214e-01,  1.6339514405835483e-02,  1.4516028108162929e-01,  1.0138845720106382e-01,  2.1611380589739479e-01,  1.2755490018501296e-02,  2.6908140940676398e-04
   146,  4.0062e+02,  1.2376637671950226e-01, -1.1348758120177642e-01,  1.7922481816726135e-01,  1.6293129760036724e-02,  1.4326496779305742e-01,  1.0284480193722349e-01,  2.1858057826154742e-01,  1.3141102284504620e-02,  2.6905281163716978e-04
   147,  4.1684e+02,  1.2376637671950226e-01, -1.1348758120177642e-01,  1.7922481816726135e-01,  1.6293129760036724e-02,  1.4326496779305742e-01,  1.0284480193722349e-01,  2.1858057826154742e-01,  1.3141102284504620e-02,  2.6905281163716978e-04
   148,  4.1684e+02,  1.2376647671950226e-01, -1.1348758120177642e-01,  1.7922481816726135e-01,  1.6293129760036724e-02,  1.4326496779305742e-01,  1.0284480193722349e-01,  2.1858057826154742e-01,  1.3141102284504620e-02,  2.6905280468088544e-04
   149,  4.1684e+02,  1.2376637671950226e-01, -1.1348748120177642e-01,  1.7922481816726135e-01,  1.6293129760036724e-02,  1.4326496779305742e-01,  1.0284480193722349e-01,  2.1858057826154742e-01,  1.3141102284504620e-02,  2.6905222470793432e-04
   150,  4.1686e+02,  1.2376637671950226e-01, -1.1348758120177642e-01,  1.7922491816726135e-01,  1.6293129760036724e-02,  1.4326496779305742e-01,  1.0284480193722349e-01,  2.1858057826154742e-01,  1.3141102284504620e-02,  2.6905138882838569e-04
   151,  4.1686e+02,  1.2376637671950226e-01, -1.1348758120177642e-01,  1.7922481816726135e-01,  1.6293229760036724e-02,  1.4326496779305742e-01,  1.0284480193722349e-01,  2.1858057826154742e-01,  1.3141102284504620e-02,  2.6905279691606437e-04
   152,  4.1686e+02,  1.2376637671950226e-01, -1.1348758120177642e-01,  1.7922481816726135e-01,  1.6293129760036724e-02,  1.4326506779305742e-01,  1.0284480193722349e-01,  2.1858057826154742e-01,  1.3141102284504620e-02,  2.6905280905298290e-04
   153,  4.1689e+02,  1.2376637671950226e-01, -1.1348758120177642e-01,  1.7922481816726135e-01,  1.6293129760036724e-02,  1.4326496779305742e-01,  1.0284490193722350e-01,  2.1858057826154742e-01,  1.3141102284504620e-02,  2.6905360484778302e-04
   154,  4.1690e+02,  1.2376637671950226e-01, -1.1348758120177642e-01,  1.7922481816726135e-01,  1.6293129760036724e-02,  1.4326496779305742e-01,  1.0284480193722349e-01,  2.1858067826154742e-01,  1.3141102284504620e-02,  2.6905159917098905e-04
   155,  4.1690e+02,  1.2376637671950226e-01, -1.1348758120177642e-01,  1.7922481816726135e-01,  1.6293129760036724e-02,  1.4326496779305742e-01,  1.0284480193722349e-01,  2.1858057826154742e-01,  1.3141202284504619e-02,  2.6905276378258415e-04
   156,  4.2426e+02,  1.2368294318644490e-01, -1.1342733673870882e-01,  1.7972441170081010e-01,  1.6028883893996246e-02,  1.4336904399131201e-01,  1.0267192972000062e-01,  2.1788838334064214e-01,  1.2871402893390765e-02,  2.6890781439786184e-04
   157,  4.3912e+02,  1.2368294318644490e-01, -1.1342733673870882e-01,  1.7972441170081010e-01,  1.6028883893996246e-02,  1.4336904399131201e-01,  1.0267192972000062e-01,  2.1788838334064214e-01,  1.2871402893390765e-02,  2.6890781439786184e-04
   158,  4.3912e+02,  1.2368304318644491e-01, -1.1342733673870882e-01,  1.7972441170081010e-01,  1.6028883893996246e-02,  1.4336904399131201e-01,  1.0267192972000062e-01,  2.1788838334064214e-01,  1.2871402893390765e-02,  2.6890781387513567e-04
   159,  4.3913e+02,  1.2368294318644490e-01, -1.1342723673870882e-01,  1.7972441170081010e-01,  1.6028883893996246e-02,  1.4336904399131201e-01,  1.0267192972000062e-01,  2.1788838334064214e-01,  1.2871402893390765e-02,  2.6890776609574791e-04
   160,  4.3913e+02,  1.2368294318644490e-01, -1.1342733673870882e-01,  1.7972451170081011e-01,  1.6028883893996246e-02,  1.4336904399131201e-01,  1.0267192972000062e-01,  2.1788838334064214e-01,  1.2871402893390765e-02,  2.6890768747649238e-04
   161,  4.3915e+02,  1.2368294318644490e-01, -1.1342733673870882e-01,  1.7972441170081010e-01,  1.6028983893996245e-02,  1.4336904399131201e-01,  1.0267192972000062e-01,  2.1788838334064214e-01,  1.2871402893390765e-02,  2.6890782402892304e-04
   162,  4.3916e+02,  1.2368294318644490e-01, -1.1342733673870882e-01,  1.7972441170081010e-01,  1.6028883893996246e-02,  1.4336914399131201e-01,  1.0267192972000062e-01,  2.1788838334064214e-01,  1.2871402893390765e-02,  2.6890781354983045e-04
   163,  4.3916e+02,  1.2368294318644490e-01, -1.1342733673870882e-01,  1.7972441170081010e-01,  1.6028883893996246e-02,  1.4336904399131201e-01,  1.0267202972000063e-01,  2.1788838334064214e-01,  1.2871402893390765e-02,  2.6890790181211818e-04
   164,  4.3916e+02,  1.2368294318644490e-01, -1.1342733673870882e-01,  1.7972441170081010e-01,  1.6028883893996246e-02,  1.4336904399131201e-01,  1.0267192972000062e-01,  2.1788848334064215e-01,  1.2871402893390765e-02,  2.6890769933303628e-04
   165,  4.3917e+02,  1.2368294318644490e-01, -1.1342733673870882e-01,  1.7972441170081010e-01,  1.6028883893996246e-02,  1.4336904399131201e-01,  1.0267192972000062e-01,  2.1788838334064214e-01,  1.2871502893390764e-02,  2.6890781781213326e-04
   166,  4.4600e+02,  1.2350752358003435e-01, -1.1330789734346872e-01,  1.8066795688984466e-01,  1.5547264792778149e-02,  1.4377036169209878e-01,  1.0226416925525608e-01,  2.1650072365603795e-01,  1.2351597895529805e-02,  2.6891623100292871e-04
   167,  4.5286e+02,  1.2365476586863684e-01, -1.1337985581068315e-01,  1.7996199615263969e-01,  1.5885677528262410e-02,  1.4345029749996033e-01,  1.0259092625013061e-01,  2.1754644274213306e-01,  1.2728016400620610e-02,  2.6889697762567309e-04
   168,  4.6798e+02,  1.2365476586863684e-01, -1.1337985581068315e-01,  1.7996199615263969e-01,  1.5885677528262410e-02,  1.4345029749996033e-01,  1.0259092625013061e-01,  2.1754644274213306e-01,  1.2728016400620610e-02,  2.6889697762567309e-04
   169,  4.6798e+02,  1.2365486586863685e-01, -1.1337985581068315e-01,  1.7996199615263969e-01,  1.5885677528262410e-02,  1.4345029749996033e-01,  1.0259092625013061e-01,  2.1754644274213306e-01,  1.2728016400620610e-02,  2.6889697749321855e-04
   170,  4.6799e+02,  1.2365476586863684e-01, -1.1337975581068314e-01,  1.7996199615263969e-01,  1.5885677528262410e-02,  1.4345029749996033e-01,  1.0259092625013061e-01,  2.1754644274213306e-01,  1.2728016400620610e-02,  2.6889696819785486e-04
   171,  4.6799e+02,  1.2365476586863684e-01, -1.1337985581068315e-01,  1.7996209615263969e-01,  1.5885677528262410e-02,  1.4345029749996033e-01,  1.0259092625013061e-01,  2.1754644274213306e-01,  1.2728016400620610e-02,  2.6889695325756606e-04
   172,  4.6799e+02,  1.2365476586863684e-01, -1.1337985581068315e-01,  1.7996199615263969e-01,  1.5885777528262410e-02,  1.4345029749996033e-01,  1.0259092625013061e-01,  2.1754644274213306e-01,  1.2728016400620610e-02,  2.6889698157124109e-04
   173,  4.6800e+02,  1.2365476586863684e-01, -1.1337985581068315e-01,  1.7996199615263969e-01,  1.5885677528262410e-02,  1.4345039749996033e-01,  1.0259092625013061e-01,  2.1754644274213306e-01,  1.2728016400620610e-02,  2.6889697711022874e-04
   174,  4.6800e+02,  1.2365476586863684e-01, -1.1337985581068315e-01,  1.7996199615263969e-01,  1.5885677528262410e-02,  1.4345029749996033e-01,  1.0259102625013061e-01,  2.1754644274213306e-01,  1.2728016400620610e-02,  2.6889700008478861e-04
   175,  4.6800e+02,  1.2365476586863684e-01, -1.1337985581068315e-01,  1.7996199615263969e-01,  1.5885677528262410e-02,  1.4345029749996033e-01,  1.0259092625013061e-01,  2.1754654274213306e-01,  1.2728016400620610e-02,  2.6889695532032547e-04
   176,  4.6802e+02,  1.2365476586863684e-01, -1.1337985581068315e-01,  1.7996199615263969e-01,  1.5885677528262410e-02,  1.4345029749996033e-01,  1.0259092625013061e-01,  2.1754644274213306e-01,  1.2728116400620609e-02,  2.6889698040612057e-04
   177,  4.7522e+02,  1.2357762317213876e-01, -1.1329106961147326e-01,  1.8043731239072403e-01,  1.5606349680692579e-02,  1.4361194522915605e-01,  1.0242358978429020e-01,  2.1686052509998380e-01,  1.2444819817831547e-02,  2.6889996451062595e-04
   178,  4.8263e+02,  1.2364426320085165e-01, -1.1334352120918911e-01,  1.8007926754825734e-01,  1.5799142643670699e-02,  1.4347925380229537e-01,  1.0256654844572431e-01,  2.1738202349660349e-01,  1.2647241476857389e-02,  2.6889834037431261e-04
   179,  4.8944e+02,  1.2365464310108613e-01, -1.1336760890144250e-01,  1.7999000764185236e-01,  1.5861048250095700e-02,  1.4346050759101220e-01,  1.0258877975618452e-01,  2.1750820823403114e-01,  1.2705837083912276e-02,  2.6889598165861524e-04
   180,  5.0401e+02,  1.2365464310108613e-01, -1.1336760890144250e-01,  1.7999000764185236e-01,  1.5861048250095700e-02,  1.4346050759101220e-01,  1.0258877975618452e-01,  2.1750820823403114e-01,  1.2705837083912276e-02,  2.6889598165861524e-04
   181,  5.0401e+02,  1.2365474310108614e-01, -1.1336760890144250e-01,  1.7999000764185236e-01,  1.5861048250095700e-02,  1.4346050759101220e-01,  1.0258877975618452e-01,  2.1750820823403114e-01,  1.2705837083912276e-02,  2.6889598163678396e-04
   182,  5.0401e+02,  1.2365464310108613e-01, -1.1336750890144250e-01,  1.7999000764185236e-01,  1.5861048250095700e-02,  1.4346050759101220e-01,  1.0258877975618452e-01,  2.1750820823403114e-01,  1.2705837083912276e-02,  2.6889598282144663e-04
   183,  5.0403e+02,  1.2365464310108613e-01, -1.1336760890144250e-01,  1.7999010764185236e-01,  1.5861048250095700e-02,  1.4346050759101220e-01,  1.0258877975618452e-01,  2.1750820823403114e-01,  1.2705837083912276e-02,  2.6889598599938149e-04
   184,  5.0403e+02,  1.2365464310108613e-01, -1.1336760890144250e-01,  1.7999000764185236e-01,  1.5861148250095700e-02,  1.4346050759101220e-01,  1.0258877975618452e-01,  2.1750820823403114e-01,  1.2705837083912276e-02,  2.6889598345139243e-04
   185,  5.0404e+02,  1.2365464310108613e-01, -1.1336760890144250e-01,  1.7999000764185236e-01,  1.5861048250095700e-02,  1.4346060759101220e-01,  1.0258877975618452e-01,  2.1750820823403114e-01,  1.2705837083912276e-02,  2.6889598137025243e-04
   186,  5.0404e+02,  1.2365464310108613e-01, -1.1336760890144250e-01,  1.7999000764185236e-01,  1.5861048250095700e-02,  1.4346050759101220e-01,  1.0258887975618453e-01,  2.1750820823403114e-01,  1.2705837083912276e-02,  2.6889598470377111e-04
   187,  5.0404e+02,  1.2365464310108613e-01, -1.1336760890144250e-01,  1.7999000764185236e-01,  1.5861048250095700e-02,  1.4346050759101220e-01,  1.0258877975618452e-01,  2.1750830823403114e-01,  1.2705837083912276e-02,  2.6889598664788032e-04
   188,  5.0405e+02,  1.2365464310108613e-01, -1.1336760890144250e-01,  1.7999000764185236e-01,  1.5861048250095700e-02,  1.4346050759101220e-01,  1.0258877975618452e-01,  2.1750820823403114e-01,  1.2705937083912275e-02,  2.6889598320762990e-04
   189,  5.1182e+02,  1.2365147332237419e-01, -1.1334455317572674e-01,  1.8004741682879297e-01,  1.5812035136951504e-02,  1.4346761005658323e-01,  1.0258332133857169e-01,  2.1742944660474434e-01,  1.2662337064183732e-02,  2.6889888405910419e-04
   190,  5.2016e+02,  1.2365463111419707e-01, -1.1336057229651690e-01,  1.8000365957067463e-01,  1.5847689891667044e-02,  1.4346383601218912e-01,  1.0258898830532739e-01,  2.1748976121040453e-01,  1.2694208432144478e-02,  2.6889553834389090e-04
   191,  5.4066e+02,  1.2365463111419707e-01, -1.1336057229651690e-01,  1.8000365957067463e-01,  1.5847689891667044e-02,  1.4346383601218912e-01,  1.0258898830532739e-01,  2.1748976121040453e-01,  1.2694208432144478e-02,  2.6889553834389090e-04
   192,  5.4066e+02,  1.2365473111419707e-01, -1.1336057229651690e-01,  1.8000365957067463e-01,  1.5847689891667044e-02,  1.4346383601218912e-01,  1.0258898830532739e-01,  2.1748976121040453e-01,  1.2694208432144478e-02,  2.6889553834422695e-04
   193,  5.4067e+02,  1.2365463111419707e-01, -1.1336047229651690e-01,  1.8000365957067463e-01,  1.5847689891667044e-02,  1.4346383601218912e-01,  1.0258898830532739e-01,  2.1748976121040453e-01,  1.2694208432144478e-02,  2.6889553936608517e-04
   194,  5.4067e+02,  1.2365463111419707e-01, -1.1336057229651690e-01,  1.8000375957067463e-01,  1.5847689891667044e-02,  1.4346383601218912e-01,  1.0258898830532739e-01,  2.1748976121040453e-01,  1.2694208432144478e-02,  2.6889554270923764e-04
   195,  5.4069e+02,  1.2365463111419707e-01, -1.1336057229651690e-01,  1.8000365957067463e-01,  1.5847789891667043e-02,  1.4346383601218912e-01,  1.0258898830532739e-01,  2.1748976121040453e-01,  1.2694208432144478e-02,  2.6889553972223431e-04
   196,  5.4070e+02,  1.2365463111419707e-01, -1.1336057229651690e-01,  1.8000365957067463e-01,  1.5847689891667044e-02,  1.4346393601218912e-01,  1.0258898830532739e-01,  2.1748976121040453e-01,  1.2694208432144478e-02,  2.6889553816327973e-04
   197,  5.4070e+02,  1.2365463111419707e-01, -1.1336057229651690e-01,  1.8000365957067463e-01,  1.5847689891667044e-02,  1.4346383601218912e-01,  1.0258908830532740e-01,  2.1748976121040453e-01,  1.2694208432144478e-02,  2.6889554108665357e-04
   198,  5.4071e+02,  1.2365463111419707e-01, -1.1336057229651690e-01,  1.8000365957067463e-01,  1.5847689891667044e-02,  1.4346383601218912e-01,  1.0258898830532739e-01,  2.1748986121040453e-01,  1.2694208432144478e-02,  2.6889554361762098e-04
   199,  5.4071e+02,  1.2365463111419707e-01, -1.1336057229651690e-01,  1.8000365957067463e-01,  1.5847689891667044e-02,  1.4346383601218912e-01,  1.0258898830532739e-01,  2.1748976121040453e-01,  1.2694308432144478e-02,  2.6889553958353427e-04
   200,  5.5087e+02,  1.2365313827817700e-01, -1.1334894546084605e-01,  1.8003232821089232e-01,  1.5823098490882787e-02,  1.4346735460372678e-01,  1.0258637752426644e-01,  2.1745045618739581e-01,  1.2672396083937524e-02,  2.6889921939105319e-04
   201,  5.5936e+02,  1.2365449874368754e-01, -1.1335725023455233e-01,  1.8001060293881230e-01,  1.5841198182237802e-02,  1.4346529346586226e-01,  1.0258882974650819e-01,  2.1748032252955041e-01,  1.2688498838415312e-02,  2.6889533509522420e-04
   202,  5.7760e+02,  1.2365449874368754e-01, -1.1335725023455233e-01,  1.8001060293881230e-01,  1.5841198182237802e-02,  1.4346529346586226e-01,  1.0258882974650819e-01,  2.1748032252955041e-01,  1.2688498838415312e-02,  2.6889533509522420e-04
   203,  5.7761e+02,  1.2365459874368755e-01, -1.1335725023455233e-01,  1.8001060293881230e-01,  1.5841198182237802e-02,  1.4346529346586226e-01,  1.0258882974650819e-01,  2.1748032252955041e-01,  1.2688498838415312e-02,  2.6889533508002499e-04
   204,  5.7761e+02,  1.2365449874368754e-01, -1.1335715023455233e-01,  1.8001060293881230e-01,  1.5841198182237802e-02,  1.4346529346586226e-01,  1.0258882974650819e-01,  2.1748032252955041e-01,  1.2688498838415312e-02,  2.6889533688430621e-04
   205,  5.7761e+02,  1.2365449874368754e-01, -1.1335725023455233e-01,  1.8001070293881230e-01,  1.5841198182237802e-02,  1.4346529346586226e-01,  1.0258882974650819e-01,  2.1748032252955041e-01,  1.2688498838415312e-02,  2.6889533990636402e-04
   206,  5.7762e+02,  1.2365449874368754e-01, -1.1335725023455233e-01,  1.8001060293881230e-01,  1.5841298182237801e-02,  1.4346529346586226e-01,  1.0258882974650819e-01,  2.1748032252955041e-01,  1.2688498838415312e-02,  2.6889533724344135e-04
   207,  5.7762e+02,  1.2365449874368754e-01, -1.1335725023455233e-01,  1.8001060293881230e-01,  1.5841198182237802e-02,  1.4346539346586226e-01,  1.0258882974650819e-01,  2.1748032252955041e-01,  1.2688498838415312e-02,  2.6889533496766516e-04
   208,  5.7762e+02,  1.2365449874368754e-01, -1.1335725023455233e-01,  1.8001060293881230e-01,  1.5841198182237802e-02,  1.4346529346586226e-01,  1.0258892974650820e-01,  2.1748032252955041e-01,  1.2688498838415312e-02,  2.6889533826698978e-04
   209,  5.7764e+02,  1.2365449874368754e-01, -1.1335725023455233e-01,  1.8001060293881230e-01,  1.5841198182237802e-02,  1.4346529346586226e-01,  1.0258882974650819e-01,  2.1748042252955041e-01,  1.2688498838415312e-02,  2.6889534014340168e-04
   210,  5.7765e+02,  1.2365449874368754e-01, -1.1335725023455233e-01,  1.8001060293881230e-01,  1.5841198182237802e-02,  1.4346529346586226e-01,  1.0258882974650819e-01,  2.1748032252955041e-01,  1.2688598838415312e-02,  2.6889533643801618e-04
   211,  5.8508e+02,  1.2365450680852073e-01, -1.1335124261390470e-01,  1.8002485359312390e-01,  1.5828615471286580e-02,  1.4346675804518400e-01,  1.0258777363181143e-01,  2.1746083300343702e-01,  1.2677527255900021e-02,  2.6889939694180827e-04
   212,  5.9204e+02,  1.2365463099813044e-01, -1.1335564164275805e-01,  1.8001409651588413e-01,  1.5837917303687686e-02,  1.4346586386392862e-01,  1.0258871451113610e-01,  2.1747557369549742e-01,  1.2685697664889391e-02,  2.6889523944601993e-04
   213,  6.0786e+02,  1.2365463099813044e-01, -1.1335564164275805e-01,  1.8001409651588413e-01,  1.5837917303687686e-02,  1.4346586386392862e-01,  1.0258871451113610e-01,  2.1747557369549742e-01,  1.2685697664889391e-02,  2.6889523944601993e-04
   214,  6.0786e+02,  1.2365473099813044e-01, -1.1335564164275805e-01,  1.8001409651588413e-01,  1.5837917303687686e-02,  1.4346586386392862e-01,  1.0258871451113610e-01,  2.1747557369549742e-01,  1.2685697664889391e-02,  2.6889523943379886e-04
   215,  6.0787e+02,  1.2365463099813044e-01, -1.1335554164275805e-01,  1.8001409651588413e-01,  1.5837917303687686e-02,  1.4346586386392862e-01,  1.0258871451113610e-01,  2.1747557369549742e-01,  1.2685697664889391e-02,  2.6889524055749033e-04
   216,  6.0788e+02,  1.2365463099813044e-01, -1.1335564164275805e-01,  1.8001419651588413e-01,  1.5837917303687686e-02,  1.4346586386392862e-01,  1.0258871451113610e-01,  2.1747557369549742e-01,  1.2685697664889391e-02,  2.6889524389968800e-04
   217,  6.0788e+02,  1.2365463099813044e-01, -1.1335564164275805e-01,  1.8001409651588413e-01,  1.5838017303687685e-02,  1.4346586386392862e-01,  1.0258871451113610e-01,  2.1747557369549742e-01,  1.2685697664889391e-02,  2.6889524078477206e-04
   218,  6.0788e+02,  1.2365463099813044e-01, -1.1335564164275805e-01,  1.8001409651588413e-01,  1.5837917303687686e-02,  1.4346596386392862e-01,  1.0258871451113610e-01,  2.1747557369549742e-01,  1.2685697664889391e-02,  2.6889523935184803e-04
   219,  6.0790e+02,  1.2365463099813044e-01, -1.1335564164275805e-01,  1.8001409651588413e-01,  1.5837917303687686e-02,  1.4346586386392862e-01,  1.0258881451113611e-01,  2.1747557369549742e-01,  1.2685697664889391e-02,  2.6889524215936066e-04
   220,  6.0790e+02,  1.2365463099813044e-01, -1.1335564164275805e-01,  1.8001409651588413e-01,  1.5837917303687686e-02,  1.4346586386392862e-01,  1.0258871451113610e-01,  2.1747567369549742e-01,  1.2685697664889391e-02,  2.6889524469207124e-04
   221,  6.0791e+02,  1.2365463099813044e-01, -1.1335564164275805e-01,  1.8001409651588413e-01,  1.5837917303687686e-02,  1.4346586386392862e-01,  1.0258871451113610e-01,  2.1747557369549742e-01,  1.2685797664889390e-02,  2.6889524049034878e-04
   222,  6.1499e+02,  1.2365462365486650e-01, -1.1335252350910374e-01,  1.8002117446512217e-01,  1.5831550751672609e-02,  1.4346663783104274e-01,  1.0258831823320234e-01,  2.1746591921056180e-01,  1.2680136600519131e-02,  2.6889949045167321e-04
   223,  6.2263e+02,  1.2365466213859735e-01, -1.1335482215906452e-01,  1.8001584282932109e-01,  1.5836293929856287e-02,  1.4346612462904748e-01,  1.0258866062682608e-01,  2.1747319739257021e-01,  1.2684282553710253e-02,  2.6889958574307130e-04
   224,  6.3030e+02,  1.2365464123832817e-01, -1.1335543333725988e-01,  1.8001453035630816e-01,  1.5837509673106650e-02,  1.4346593507262159e-01,  1.0258870406557266e-01,  2.1747498294642265e-01,  1.2685340148663201e-02,  2.6889522761729676e-04
   225,  6.4618e+02,  1.2365464123832817e-01, -1.1335543333725988e-01,  1.8001453035630816e-01,  1.5837509673106650e-02,  1.4346593507262159e-01,  1.0258870406557266e-01,  2.1747498294642265e-01,  1.2685340148663201e-02,  2.6889522761729676e-04
   226,  6.4618e+02,  1.2365474123832818e-01, -1.1335543333725988e-01,  1.8001453035630816e-01,  1.5837509673106650e-02,  1.4346593507262159e-01,  1.0258870406557266e-01,  2.1747498294642265e-01,  1.2685340148663201e-02,  2.6889522761788472e-04
   227,  6.4618e+02,  1.2365464123832817e-01, -1.1335533333725988e-01,  1.8001453035630816e-01,  1.5837509673106650e-02,  1.4346593507262159e-01,  1.0258870406557266e-01,  2.1747498294642265e-01,  1.2685340148663201e-02,  2.6889962329383431e-04
   228,  6.4618e+02,  1.2365464123832817e-01, -1.1335543333725988e-01,  1.8001463035630816e-01,  1.5837509673106650e-02,  1.4346593507262159e-01,  1.0258870406557266e-01,  2.1747498294642265e-01,  1.2685340148663201e-02,  2.6889523205542165e-04
   229,  6.4621e+02,  1.2365464123832817e-01, -1.1335543333725988e-01,  1.8001453035630816e-01,  1.5837609673106649e-02,  1.4346593507262159e-01,  1.0258870406557266e-01,  2.1747498294642265e-01,  1.2685340148663201e-02,  2.6889522897477421e-04
   230,  6.4621e+02,  1.2365464123832817e-01, -1.1335543333725988e-01,  1.8001453035630816e-01,  1.5837509673106650e-02,  1.4346603507262159e-01,  1.0258870406557266e-01,  2.1747498294642265e-01,  1.2685340148663201e-02,  2.6889522754771250e-04
   231,  6.4621e+02,  1.2365464123832817e-01, -1.1335543333725988e-01,  1.8001453035630816e-01,  1.5837509673106650e-02,  1.4346593507262159e-01,  1.0258880406557266e-01,  2.1747498294642265e-01,  1.2685340148663201e-02,  2.6889962501550004e-04
   232,  6.4623e+02,  1.2365464123832817e-01, -1.1335543333725988e-01,  1.8001453035630816e-01,  1.5837509673106650e-02,  1.4346593507262159e-01,  1.0258870406557266e-01,  2.1747508294642265e-01,  1.2685340148663201e-02,  2.6889523289169725e-04
   233,  6.4623e+02,  1.2365464123832817e-01, -1.1335543333725988e-01,  1.8001453035630816e-01,  1.5837509673106650e-02,  1.4346593507262159e-01,  1.0258870406557266e-01,  2.1747498294642265e-01,  1.2685440148663201e-02,  2.6889522864279524e-04
   234,  6.5346e+02,  1.2365464138196119e-01, -1.1335676449579436e-01,  1.8001452473680624e-01,  1.5837519875969076e-02,  1.4346593518058731e-01,  1.0258738230096562e-01,  2.1747496863120788e-01,  1.2685347081658511e-02,  2.6889565139520314e-04
   235,  6.6054e+02,  1.2365464124737842e-01, -1.1335576526819843e-01,  1.8001453000787510e-01,  1.5837510278740988e-02,  1.4346593508347552e-01,  1.0258837272760059e-01,  2.1747498197884185e-01,  1.2685340554296359e-02,  2.6889525538079627e-04
   236,  6.6750e+02,  1.2365464123892222e-01, -1.1335551626180486e-01,  1.8001453034209505e-01,  1.5837509702769169e-02,  1.4346593507432090e-01,  1.0258862117226790e-01,  2.1747498287401479e-01,  1.2685340167068746e-02,  2.6889522954453947e-04
   237,  6.7438e+02,  1.2365464123837257e-01, -1.1335545406468443e-01,  1.8001453035742429e-01,  1.5837509672910376e-02,  1.4346593507298294e-01,  1.0258868333852536e-01,  2.1747498293901732e-01,  1.2685340148076618e-02,  2.6889522778511201e-04
   238,  6.8156e+02,  1.2365464123833277e-01, -1.1335543851888286e-01,  1.8001453035688084e-01,  1.5837509672581795e-02,  1.4346593507270797e-01,  1.0258869888357755e-01,  2.1747498294524151e-01,  1.2685340148192304e-02,  2.6889522764645649e-04
   239,  6.8839e+02,  1.2365464123832891e-01, -1.1335543463265103e-01,  1.8001453035646969e-01,  1.5837509672945699e-02,  1.4346593507264294e-01,  1.0258870277005930e-01,  2.1747498294616927e-01,  1.2685340148525211e-02,  2.6889522763851216e-04
