  00002  00000
   1.000000000000E-001   0.000000000000E+000
   4.102557878349E+000
  00002  00003
  -2.421922715778E-002   8.475706860697E-002
   5.102658234322E+000
  00002  00004
   2.529450741573E-002   5.097293474737E-002
   3.460063892604E+000
  00002  00005
   5.507208706774E-002   3.065514321653E-002
   3.262482417918E+000
  00002  00006
   2.319792365484E-002   5.240510205917E-002
   3.496838222815E+000
  00002  00007
   5.381212698359E-002   3.151644999605E-002
   3.259469219715E+000
  00002  00008
   7.222292980894E-002   1.895400583938E-002
   3.427124946142E+000
  00002  00009
   8.329498011008E-002   1.139894674839E-002
   3.637160134236E+000
  00002  00010
   8.995363822128E-002   6.855331142382E-003
   3.801695825682E+000
  00002  00011
   9.395812988316E-002   4.122798887218E-003
   3.914135037718E+000
  00002  00012
   9.636642264297E-002   2.479452894284E-003
   3.986555713896E+000
  00002  00013
   9.781476720669E-002   1.491143957860E-003
   4.031828761532E+000
  00002  00014
   9.868580087948E-002   8.967745695590E-004
   4.059673875387E+000
  00002  00015
   9.920964039781E-002   5.393205827915E-004
   4.076641900598E+000
  00002  00016
   9.952467751921E-002   3.243476129302E-004
   4.086926636964E+000
  00002  00017
   9.971414090661E-002   1.950627833601E-004
   4.093140873503E+000
  00002  00018
   9.982808424045E-002   1.173108354524E-004
   4.096888581749E+000
  00002  00019
   9.989660979852E-002   7.055078307083E-005
   4.099146226501E+000
  00002  00020
   9.993782109342E-002   4.242926898100E-005
   4.100505345302E+000
  00002  00021
   9.996260558147E-002   2.551697922943E-005
   4.101323183304E+000
  00002  00022
   9.997751098206E-002   1.534592145062E-005
   4.101815230691E+000
  00002  00023
   9.998647509575E-002   9.229043259787E-006
   4.102111213016E+000
  00002  00024
   9.999186611724E-002   5.550350284591E-006
   4.102289240347E+000
  00002  00025
   9.999510827968E-002   3.337982867178E-006
   4.102396314540E+000
  00002  00026
   9.999705811746E-002   2.007464223023E-006
   4.102460712074E+000
  00002  00027
   9.999823075067E-002   1.207289781604E-006
   4.102499441884E+000
  00002  00028
   9.999893597275E-002   7.260645545007E-007
   4.102522734410E+000
  00002  00029
   9.999936009359E-002   4.366555116550E-007
   4.102536742685E+000
  00002  00030
   9.999961516003E-002   2.626047982604E-007
   4.102545167323E+000
  00002  00031
   9.999976855709E-002   1.579306300474E-007
   4.102550233924E+000
  00002  00032
   9.999986081014E-002   9.497954368089E-008
   4.102553280982E+000
  00002  00033
   9.999991629116E-002   5.712073531981E-008
   4.102555113488E+000
  00002  00034
   9.999994965747E-002   3.435243292427E-008
   4.102556215557E+000
  00002  00037
   5.948449221978E-002   3.226371717850E-002
   3.151375903021E+000
  00002  00038
   6.515691312973E-002   3.301094052568E-002
   3.039939699217E+000
  00002  00039
   7.082939558141E-002   3.375811543724E-002
   2.925879672100E+000
  00002  00040
   7.650194629418E-002   3.450523664535E-002
   2.808224675684E+000
  00002  00041
   8.217457299908E-002   3.525229808907E-002
   2.687738749806E+000
  00002  00042
   8.784728463658E-002   3.599929275929E-002
   2.564655801699E+000
  00002  00043
   9.352009160277E-002   3.674621250570E-002
   2.438924263726E+000
  00002  00044
   9.919300605816E-002   3.749304779478E-002
   2.310738611267E+000
  00002  00045
   1.048660423186E-001   3.823978740324E-002
   2.180186164248E+000
  00002  00046
   1.105392173548E-001   3.898641802639E-002
   2.047672056895E+000
  00002  00047
   1.162125514380E-001   3.973292377212E-002
   1.913322110812E+000
  00002  00048
   1.270229603656E-001   4.115488544338E-002
   1.652370785958E+000
  00002  00049
   1.270229603656E-001   4.115488544338E-002
   1.652360134499E+000
  00002  00050
   1.270229603656E-001   4.115488544338E-002
   1.652367460856E+000
  00002  00051
   1.389080549520E-001   4.271724585273E-002
   1.359121009865E+000
  00002  00052
   1.445826816304E-001   4.346273729269E-002
   1.217833382073E+000
  00002  00053
   1.502577324007E-001   4.420789606630E-002
   1.075859935729E+000
  00002  00054
   1.559333010762E-001   4.495264862612E-002
   9.337781738369E-001
  00002  00055
   1.616095113274E-001   4.569689801752E-002
   7.922610965576E-001
  00002  00056
   1.672865295861E-001   4.644051376179E-002
   6.524207337808E-001
  00002  00057
   1.729645852770E-001   4.718331599553E-002
   5.164109105437E-001
  00002  00058
   1.786440035373E-001   4.792504963872E-002
   3.891536705830E-001
  00002  00059
   1.843252605944E-001   4.866534044108E-002
   2.837618077351E-001
  00002  00060
   1.900090866408E-001   4.940361665160E-002
   2.328919902862E-001
  00002  00061
   1.956966552533E-001   5.013895816592E-002
   2.697344654249E-001
  00002  00062
   2.013899830755E-001   5.086978393250E-002
   3.688764782147E-001
  00002  00063
   2.070928525449E-001   5.159312855656E-002
   4.937718962210E-001
  00002  00064
   2.128132861342E-001   5.230270255356E-002
   6.284189530955E-001
  00002  00065
   2.185718007193E-001   5.298242112048E-002
   7.659914499695E-001
  00002  00066
   2.244412402850E-001   5.357517624029E-002
   8.997378760216E-001
  00002  00067
   2.310071099410E-001   5.362194574255E-002
   9.951488812457E-001
  00002  00068
   2.593222859558E-001   3.422042745421E-002
   6.716307199169E-001
  00002  00071
   1.776690665499E-001   5.198614730127E-002
   2.250134948353E-001
  00002  00072
   1.648935895109E-001   5.448358640285E-002
   2.269371806991E-001
  00002  00073
   1.521164128708E-001   5.698069392588E-002
   2.599036688362E-001
  00002  00074
   1.393388065685E-001   5.947771802744E-002
   3.433165285349E-001
  00002  00075
   1.265610269726E-001   6.197470880424E-002
   4.805384853965E-001
  00002  00076
   1.137831598733E-001   6.447168302040E-002
   6.667712474423E-001
  00002  00077
   1.010052421199E-001   6.696864787662E-002
   8.979412419880E-001
  00002  00078
   8.822729216411E-002   6.946560697851E-002
   1.171613255816E+000
  00002  00079
   7.544932026752E-002   7.196256233128E-002
   1.486261026734E+000
  00002  00080
   6.267133259192E-002   7.445951513900E-002
   1.840059897390E+000
  00002  00081
   4.989333306084E-002   7.695646616836E-002
   2.233279678311E+000
  00002  00082
   3.711532429125E-002   7.945341593074E-002
   2.662846085510E+000
  00002  00083
   2.433730809561E-002   8.195036478030E-002
   3.127960777192E+000
  00002  00084
   1.155928576898E-002   8.444731297012E-002
   3.625449245765E+000
  00002  00085
  -1.218741738651E-003   8.694426068583E-002
   4.153599644820E+000
  00002  00086
  -1.399677371464E-002   8.944120806669E-002
   4.710776456460E+000
  00002  00087
  -2.677480961389E-002   9.193815521921E-002
   5.295468590443E+000
  00002  00088
  -3.955284901237E-002   9.443510222625E-002
   5.904945833205E+000
  00002  00089
  -5.233089157525E-002   9.693204915325E-002
   6.535213665406E+000
  00002  00090
  -6.510893703464E-002   9.942899605255E-002
   7.183472483815E+000
  00002  00091
  -7.788698517365E-002   1.019259429665E-001
   7.846737009055E+000
  00002  00092
  -9.066503581478E-002   1.044228899299E-001
   8.521818668385E+000
  00002  00093
  -1.034430888114E-001   1.069198369713E-001
   9.205529981140E+000
  00002  00094
  -1.162211440413E-001   1.094167841145E-001
   9.894708940843E+000
  00002  00095
  -1.289992014019E-001   1.119137313797E-001
   1.058639629068E+001
  00002  00096
  -3.936296639295E-001   1.637330422500E-001
   2.018816526729E+001
  00002  00097
  -4.160773081822E-001   1.681303278500E-001
   2.032272806297E+001
  00002  00098
  -4.385249524349E-001   1.725276134499E-001
   2.042269448713E+001
  00002  00099
  -4.609725966877E-001   1.769248990498E-001
   1.000000000000E+006
  00002  00100
  -4.834202409404E-001   1.813221846498E-001
   1.000000000000E+006
  00002  00101
  -5.058678851931E-001   1.857194702497E-001
   1.000000000000E+006
  00002  00102
  -5.283155294458E-001   1.901167558496E-001
   1.000000000000E+006
  00002  00105
   1.767332858413E-001   5.240094417898E-002
   2.234853033361E-001
  00002  00106
   1.753610875242E-001   5.272580863689E-002
   2.225658235891E-001
  00002  00107
   1.739767966442E-001   5.304818119394E-002
   2.216579399942E-001
  00002  00108
   1.725892928167E-001   5.336989166948E-002
   2.207980755138E-001
  00002  00109
   1.712004713887E-001   5.369133063703E-002
   2.198901603854E-001
  00002  00110
   1.698109818943E-001   5.401263194584E-002
   2.190591789396E-001
  00002  00111
   1.684211071837E-001   5.433385388278E-002
   2.182799721894E-001
  00002  00112
   1.670309901775E-001   5.465502589944E-002
   2.175716473059E-001
  00002  00113
   1.656407108737E-001   5.497616448097E-002
   2.169549763303E-001
  00002  00114
   1.642503175424E-001   5.529727957439E-002
   2.164590788514E-001
  00002  00115
   1.628598410362E-001   5.561837753749E-002
   2.161112252099E-001
  00002  00116
   1.614693019965E-001   5.593946262381E-002
   2.159444150341E-001
  00002  00117
   1.600787147547E-001   5.626053778664E-002
   2.159920094161E-001
  00002  00118
   1.593898936797E-001   5.641957454612E-002
   2.161066308720E-001
  00002  00119
   1.573023361373E-001   5.690153449970E-002
   2.168826839437E-001
  00002  00120
   1.559109828801E-001   5.722274590042E-002
   2.178097605146E-001
  00002  00121
   1.545194841200E-001   5.754398197576E-002
   2.191150079325E-001
  00002  00122
   1.531278432227E-001   5.786524342663E-002
   2.208426216466E-001
  00002  00123
   1.517360628448E-001   5.818653080789E-002
   2.230397788593E-001
  00002  00124
   1.503441451108E-001   5.850784456465E-002
   2.257523575444E-001
  00002  00125
   1.489531041460E-001   5.882895135651E-002
   2.290155073098E-001
  00002  00126
   1.475623403471E-001   5.914999022171E-002
   2.328706059336E-001
  00002  00127
   1.461715686696E-001   5.947102747287E-002
   2.373531774913E-001
  00002  00128
   1.447807900922E-001   5.979206331164E-002
   2.424939305828E-001
  00002  00129
   1.433900054373E-001   6.011309790754E-002
   2.483164868805E-001
  00002  00130
   1.419992154015E-001   6.043413140408E-002
   2.548502834455E-001
  00002  00131
   1.406084205784E-001   6.075516392358E-002
   2.621052696015E-001
  00002  00132
   1.392176214769E-001   6.107619557094E-002
   2.701003951145E-001
  00002  00133
   1.378268185361E-001   6.139722643664E-002
   2.788393485298E-001
  00002  00134
   1.364360121368E-001   6.171825659912E-002
   2.883316179413E-001
  00002  00135
   1.350452026105E-001   6.203928612673E-002
   2.985795853652E-001
  00002  00136
   1.336543902477E-001   6.236031507930E-002
   3.095806519260E-001
  00002  00139
   1.605496625754E-001   5.661961542351E-002
   2.125414586378E-001
  00002  00140
   1.588125305526E-001   5.712508658605E-002
   2.113703696811E-001
  00002  00141
   1.570617299434E-001   5.762763710591E-002
   2.102395511896E-001
  00002  00142
   1.553073830076E-001   5.812942990606E-002
   2.091774544122E-001
  00002  00143
   1.535515959814E-001   5.863091504673E-002
   2.082223049473E-001
  00002  00144
   1.517950827811E-001   5.913224507746E-002
   2.074308120768E-001
  00002  00145
   1.500381523224E-001   5.963348600730E-002
   2.068708450470E-001
  00002  00146
   1.482809600419E-001   6.013467104990E-002
   2.066230652785E-001
  00002  00147
   1.465235926825E-001   6.063581874048E-002
   2.067817375325E-001
  00002  00148
   1.447661024661E-001   6.113694023782E-002
   2.074492800737E-001
  00002  00149
   1.430085227124E-001   6.163804266167E-002
   2.087397267838E-001
  00002  00150
   1.412508756816E-001   6.213913076859E-002
   2.107724483160E-001
  00002  00151
   1.396430019306E-001   6.259749722632E-002
   2.133833835931E-001
  00002  00152
   1.396430019306E-001   6.259749722632E-002
   2.133847244398E-001
  00002  00153
   1.359874699897E-001   6.363954281109E-002
   2.224835114716E-001
  00002  00154
   1.342278971407E-001   6.414110439443E-002
   2.286427068646E-001
  00002  00155
   1.324679983735E-001   6.464274796182E-002
   2.360809170748E-001
  00002  00156
   1.307077772424E-001   6.514447431200E-002
   2.448686375664E-001
  00002  00157
   1.289472365387E-001   6.564628408075E-002
   2.550510042080E-001
  00002  00158
   1.271884832500E-001   6.614757786709E-002
   2.666586717978E-001
  00002  00159
   1.254306041373E-001   6.664861691214E-002
   2.796958490311E-001
  00002  00160
   1.236727152483E-001   6.714965392702E-002
   2.941766635342E-001
  00002  00161
   1.219148178400E-001   6.765068918031E-002
   3.100882531302E-001
  00002  00162
   1.201569129603E-001   6.815172289595E-002
   3.274175572546E-001
  00002  00163
   1.183990014899E-001   6.865275526210E-002
   3.461519525955E-001
  00002  00164
   1.166410841741E-001   6.915378643803E-002
   3.662595622540E-001
  00002  00165
   1.148831616482E-001   6.965481655948E-002
   3.877013930491E-001
  00002  00166
   1.131252344567E-001   7.015584574280E-002
   4.104831232565E-001
  00002  00167
   1.113673030693E-001   7.065687408836E-002
   4.345575107983E-001
  00002  00168
   1.096093678930E-001   7.115790168314E-002
   4.598930467916E-001
  00002  00169
   1.078514292825E-001   7.165892860292E-002
   4.864706032448E-001
  00002  00170
   1.060934875483E-001   7.215995491403E-002
   5.142756010668E-001
  00002  00173
   1.475225226732E-001   6.081589183261E-002
   2.036365005690E-001
  00002  00174
   1.460536401712E-001   6.133506962801E-002
   2.026501053220E-001
  00002  00175
   1.445746552220E-001   6.185194322576E-002
   2.017009387203E-001
  00002  00176
   1.430930635215E-001   6.236822229373E-002
   2.008096098713E-001
  00002  00177
   1.416104156632E-001   6.288426050156E-002
   2.000029889948E-001
  00002  00178
   1.401272359143E-001   6.340017742754E-002
   1.993251991914E-001
  00002  00179
   1.386437508010E-001   6.391602473930E-002
   1.988282626120E-001
  00002  00180
   1.371600741961E-001   6.443182840969E-002
   1.985740013867E-001
  00002  00181
   1.356762696044E-001   6.494760292327E-002
   1.986332080406E-001
  00002  00182
   1.341923752380E-001   6.546335699576E-002
   1.990864698149E-001
  00002  00183
   1.327084154685E-001   6.597909618595E-002
   2.000206473091E-001
  00002  00184
   1.312244065725E-001   6.649482420636E-002
   2.015289286792E-001
  00002  00185
   1.303080145013E-001   6.681328083182E-002
   2.027872739898E-001
  00002  00186
   1.303080145013E-001   6.681328083182E-002
   2.027872752831E-001
  00002  00187
   1.267794568979E-001   6.803943599328E-002
   2.104274124528E-001
  00002  00188
   1.252938244900E-001   6.855566453329E-002
   2.151716759911E-001
  00002  00189
   1.238079259739E-001   6.907197634242E-002
   2.209362393006E-001
  00002  00190
   1.223217639399E-001   6.958837204780E-002
   2.277919394266E-001
  00002  00191
   1.208356180399E-001   7.010475568708E-002
   2.357911324718E-001
  00002  00192
   1.193514481181E-001   7.062044726201E-002
   2.449554476963E-001
  00002  00193
   1.178672699754E-001   7.113613699715E-002
   2.553265672319E-001
  00002  00194
   1.163830847223E-001   7.165182514580E-002
   2.669128637057E-001
  00002  00195
   1.148988932765E-001   7.216751191727E-002
   2.797234145979E-001
  00002  00196
   1.134146964031E-001   7.268319748606E-002
   2.937531915352E-001
  00002  00197
   1.119304947448E-001   7.319888199880E-002
   3.089895969396E-001
  00002  00198
   1.104462888459E-001   7.371456557958E-002
   3.254144897678E-001
  00002  00199
   1.089620791699E-001   7.423024833417E-002
   3.430048530531E-001
  00002  00200
   1.074778661144E-001   7.474593035321E-002
   3.617386340503E-001
  00002  00201
   1.059936500220E-001   7.526161171490E-002
   3.816054610376E-001
  00002  00202
   1.045094311900E-001   7.577729248699E-002
   4.025746227080E-001
  00002  00203
   1.030252098771E-001   7.629297272853E-002
   4.246227776688E-001
  00002  00204
   1.015409863099E-001   7.680865249118E-002
   4.477436580371E-001
  00002  00207
   1.364746137727E-001   6.510218266082E-002
   1.962370263361E-001
  00002  00208
   1.352085957876E-001   6.563518337241E-002
   1.954213219112E-001
  00002  00209
   1.339356056014E-001   6.616653455463E-002
   1.946394568218E-001
  00002  00210
   1.326608251044E-001   6.669746218589E-002
   1.939081650627E-001
  00002  00211
   1.313853206900E-001   6.722821856321E-002
   1.932484140889E-001
  00002  00212
   1.301094521172E-001   6.775888880166E-002
   1.926958941254E-001
  00002  00213
   1.288333746342E-001   6.828950963118E-002
   1.922922658394E-001
  00002  00214
   1.275571662169E-001   6.882009950010E-002
   1.920863294482E-001
  00002  00215
   1.262808703255E-001   6.935066869056E-002
   1.921345518898E-001
  00002  00216
   1.250045130989E-001   6.988122338680E-002
   1.925001083610E-001
  00002  00217
   1.237281112027E-001   7.041176753166E-002
   1.932543042421E-001
  00002  00218
   1.224516757638E-001   7.094230375769E-002
   1.944707384238E-001
  00002  00219
   1.217033794990E-001   7.125331671513E-002
   1.954297572847E-001
  00002  00220
   1.199043812678E-001   7.200101171419E-002
   1.985912176465E-001
  00002  00221
   1.186270392887E-001   7.253188409054E-002
   2.016616448183E-001
  00002  00222
   1.173495175247E-001   7.306282255654E-002
   2.055042459911E-001
  00002  00223
   1.160718182711E-001   7.359382767645E-002
   2.101843125730E-001
  00002  00224
   1.147939433066E-001   7.412489989239E-002
   2.157691635520E-001
  00002  00225
   1.135161321833E-001   7.465594058347E-002
   2.223069577157E-001
  00002  00226
   1.122395869199E-001   7.518645096208E-002
   2.298297938104E-001
  00002  00227
   1.109630360613E-001   7.571696003390E-002
   2.383720900800E-001
  00002  00228
   1.096864803657E-001   7.624746797832E-002
   2.479519282757E-001
  00002  00229
   1.084099204597E-001   7.677797494357E-002
   2.585844167935E-001
  00002  00230
   1.071333568653E-001   7.730848105321E-002
   2.702708494141E-001
  00002  00231
   1.058567900216E-001   7.783898641105E-002
   2.830032664048E-001
  00002  00232
   1.045802202999E-001   7.836949110497E-002
   2.967817026829E-001
  00002  00233
   1.033036480166E-001   7.889999520984E-002
   3.115902895578E-001
  00002  00234
   1.020270734431E-001   7.943049878985E-002
   3.274099174344E-001
  00002  00235
   1.007504968133E-001   7.996100190035E-002
   3.442327745255E-001
  00002  00236
   9.947391832997E-002   8.049150458930E-002
   3.620363001453E-001
  00002  00237
   9.819733816976E-002   8.102200689850E-002
   3.808041170918E-001
  00002  00238
   9.692075648727E-002   8.155250886453E-002
   4.005177254504E-001
  00002  00241
   1.269487245942E-001   6.948581030420E-002
   1.902024211078E-001
  00002  00242
   1.258464716954E-001   7.003175676649E-002
   1.895469604684E-001
  00002  00243
   1.247393394866E-001   7.057651985462E-002
   1.889218097459E-001
  00002  00244
   1.236309602559E-001   7.112098050966E-002
   1.883406129683E-001
  00002  00245
   1.225220777566E-001   7.166531911456E-002
   1.878206653122E-001
  00002  00246
   1.214129423683E-001   7.220959639401E-002
   1.873910890676E-001
  00002  00247
   1.203036620058E-001   7.275383852068E-002
   1.870842923622E-001
  00002  00248
   1.191942908277E-001   7.329805862969E-002
   1.869410650103E-001
  00002  00249
   1.180848590020E-001   7.384226403767E-002
   1.870064472692E-001
  00002  00250
   1.169753846654E-001   7.438645914335E-002
   1.873305066553E-001
  00002  00251
   1.158658793774E-001   7.493064675025E-002
   1.879720431409E-001
  00002  00252
   1.147563508540E-001   7.547482872973E-002
   1.889906564456E-001
  00002  00253
   1.143328840028E-001   7.568251965429E-002
   1.894921381521E-001
  00002  00254
   1.125412042474E-001   7.656123835388E-002
   1.924065343550E-001
  00002  00255
   1.114309842297E-001   7.710572783922E-002
   1.949414515690E-001
  00002  00256
   1.103206307693E-001   7.765027605412E-002
   1.981084019835E-001
  00002  00257
   1.092101454579E-001   7.819488339988E-002
   2.019664449025E-001
  00002  00258
   1.080995295293E-001   7.873955019107E-002
   2.065738707892E-001
  00002  00259
   1.069893081443E-001   7.928401960800E-002
   2.119719915272E-001
  00002  00260
   1.058797036085E-001   7.982818321528E-002
   2.182102373560E-001
  00002  00261
   1.047700952060E-001   8.037234589265E-002
   2.253101417338E-001
  00002  00262
   1.036604834618E-001   8.091650776747E-002
   2.333017366982E-001
  00002  00263
   1.025508688100E-001   8.146066894497E-002
   2.422015238915E-001
  00002  00264
   1.014412516121E-001   8.200482951286E-002
   2.520129091464E-001
  00002  00265
   1.003316321720E-001   8.254898954485E-002
   2.627509664103E-001
  00002  00266
   9.922201074697E-002   8.309314910330E-002
   2.744069796912E-001
  00002  00267
   9.811238755601E-002   8.363730824135E-002
   2.869743251239E-001
  00002  00268
   9.700276278701E-002   8.418146700458E-002
   3.004422018006E-001
  00002  00269
   9.589313660193E-002   8.472562543225E-002
   3.147958595168E-001
  00002  00270
   9.478350914117E-002   8.526978355842E-002
   3.300305403123E-001
  00002  00271
   9.367388052703E-002   8.581394141274E-002
   3.461255188162E-001
  00002  00272
   9.256425086651E-002   8.635809902118E-002
   3.630672451826E-001
  00002  00275
   1.186510286749E-001   7.396051421328E-002
   1.854362104420E-001
  00002  00276
   1.176835133047E-001   7.451828904747E-002
   1.849305975097E-001
  00002  00277
   1.167126760890E-001   7.507524424871E-002
   1.844518823148E-001
  00002  00278
   1.157409937499E-001   7.563199092642E-002
   1.840112756755E-001
  00002  00279
   1.147689709693E-001   7.618865360645E-002
   1.836239333442E-001
  00002  00280
   1.137967772971E-001   7.674527412370E-002
   1.833127778729E-001
  00002  00281
   1.128244857239E-001   7.730187048799E-002
   1.831048931028E-001
  00002  00282
   1.118521328528E-001   7.785845173081E-002
   1.830323657384E-001
  00002  00283
   1.108797390615E-001   7.841502288017E-002
   1.831315690161E-001
  00002  00284
   1.099073165959E-001   7.897158695764E-002
   1.834441468962E-001
  00002  00285
   1.089348732584E-001   7.952814588839E-002
   1.840147876746E-001
  00002  00286
   1.079624142557E-001   8.008470095714E-002
   1.848950867922E-001
  00002  00287
   1.079192797294E-001   8.010938734410E-002
   1.849411365819E-001
  00002  00288
   1.060202308985E-001   8.119621856184E-002
   1.877819047587E-001
  00002  00289
   1.050472101711E-001   8.175307127234E-002
   1.899024040114E-001
  00002  00290
   1.040740858077E-001   8.230997823635E-002
   1.925451393760E-001
  00002  00291
   1.031008588808E-001   8.286693973049E-002
   1.957621321258E-001
  00002  00292
   1.021275302217E-001   8.342395597185E-002
   1.996017315482E-001
  00002  00293
   1.011549700698E-001   8.398052949082E-002
   2.041047495246E-001
  00002  00294
   1.001824598555E-001   8.453707194951E-002
   2.093122819247E-001
  00002  00295
   9.920994703903E-002   8.509361376938E-002
   2.152563814313E-001
  00002  00296
   9.823743197432E-002   8.565015503776E-002
   2.219634092637E-001
  00002  00297
   9.726491495381E-002   8.620669582681E-002
   2.294477263202E-001
  00002  00298
   9.629239622124E-002   8.676323619667E-002
   2.377358299665E-001
  00002  00299
   9.531987598139E-002   8.731977619787E-002
   2.468263268660E-001
  00002  00300
   9.434735440756E-002   8.787631587316E-002
   2.567243086325E-001
  00002  00301
   9.337483164740E-002   8.843285525898E-002
   2.674290313801E-001
  00002  00302
   9.240230782749E-002   8.898939438656E-002
   2.789350107531E-001
  00002  00303
   9.142978305696E-002   8.954593328283E-002
   2.912344921162E-001
  00002  00304
   9.045725743039E-002   9.010247197112E-002
   3.043194272802E-001
  00002  00305
   8.948473103018E-002   9.065901047177E-002
   3.181779021350E-001
  00002  00306
   8.851220392845E-002   9.121554880256E-002
   3.327984607418E-001
  00002  00309
   1.113650271131E-001   7.851876782371E-002
   1.818447676380E-001
  00002  00310
   1.105101646943E-001   7.908715385643E-002
   1.814775172071E-001
  00002  00311
   1.096531434151E-001   7.965500022867E-002
   1.811341229014E-001
  00002  00312
   1.087955752808E-001   8.022270990179E-002
   1.808239333985E-001
  00002  00313
   1.079377872452E-001   8.079036460617E-002
   1.805593297731E-001
  00002  00314
   1.070798889348E-001   8.135799174568E-002
   1.803589792737E-001
  00002  00315
   1.062219274903E-001   8.192560310436E-002
   1.802445405389E-001
  00002  00316
   1.053639265343E-001   8.249320458726E-002
   1.802421493654E-001
  00002  00317
   1.045058992109E-001   8.306079948010E-002
   1.803818165767E-001
  00002  00318
   1.036478534160E-001   8.362838975666E-002
   1.806972249250E-001
  00002  00319
   1.027897941790E-001   8.419597667411E-002
   1.812254334300E-001
  00002  00320
   1.023558613690E-001   8.448300983382E-002
   1.815857628862E-001
  00002  00321
   1.010759194889E-001   8.532964088770E-002
   1.830801812736E-001
  00002  00322
   1.002174367988E-001   8.589748608471E-002
   1.844956978666E-001
  00002  00323
   9.935886712167E-002   8.646538436322E-002
   1.862971867856E-001
  00002  00324
   9.850021136090E-002   8.703333595977E-002
   1.885293775616E-001
  00002  00325
   9.764147020467E-002   8.760134105713E-002
   1.912367604143E-001
  00002  00326
   9.678319112574E-002   8.816903803396E-002
   1.944611701745E-001
  00002  00327
   9.592509079614E-002   8.873661468828E-002
   1.982363919147E-001
  00002  00328
   9.506698851494E-002   8.930419085587E-002
   2.026073173143E-001
  00002  00329
   9.420888456053E-002   8.987176660633E-002
   2.076025616450E-001
  00002  00330
   9.335077916073E-002   9.043934199659E-002
   2.132488518253E-001
  00002  00331
   9.249267250376E-002   9.100691707372E-002
   2.195669640710E-001
  00002  00332
   9.163456474649E-002   9.157449187692E-002
   2.265758261083E-001
  00002  00333
   9.077645602072E-002   9.214206643915E-002
   2.342841141211E-001
  00002  00334
   8.991834643798E-002   9.270964078827E-002
   2.427006603145E-001
  00002  00335
   8.906023609330E-002   9.327721494805E-002
   2.518302958896E-001
  00002  00336
   8.820212506812E-002   9.384478893885E-002
   2.616724889999E-001
  00002  00337
   8.734401343267E-002   9.441236277822E-002
   2.722203888841E-001
  00002  00338
   8.648590124781E-002   9.497993648137E-002
   2.834759548181E-001
  00002  00339
   8.562778856658E-002   9.554751006156E-002
   2.954279410476E-001
  00002  00340
   8.476967543536E-002   9.611508353039E-002
   3.080620717166E-001
  00002  00343
   1.053455437374E-001   8.282742432599E-002
   1.794711392580E-001
  00002  00344
   1.049243972942E-001   8.315151747589E-002
   1.793286116226E-001
  00002  00345
   1.045449299707E-001   8.344044886167E-002
   1.792060340615E-001
  00002  00346
   1.041648205836E-001   8.372921852800E-002
   1.790882060538E-001
  00002  00347
   1.037844525102E-001   8.401792303790E-002
   1.789751865958E-001
  00002  00348
   1.034039545726E-001   8.430659483837E-002
   1.788676542500E-001
  00002  00349
   1.030233822345E-001   8.459524789933E-002
   1.787675540038E-001
  00002  00350
   1.026427633118E-001   8.488388922686E-002
   1.786762938218E-001
  00002  00351
   1.022621132908E-001   8.517252272160E-002
   1.785944921210E-001
  00002  00352
   1.018814414785E-001   8.546115072772E-002
   1.785241728602E-001
  00002  00353
   1.016159962402E-001   8.566240339878E-002
   1.784828718887E-001
  00002  00354
   1.011237199242E-001   8.603561671255E-002
   1.784264651669E-001
  00002  00355
   1.007423405371E-001   8.632474391326E-002
   1.784031597352E-001
  00002  00356
   1.003608033059E-001   8.661398345982E-002
   1.784005513698E-001
  00002  00357
   9.997910958387E-002   8.690333578323E-002
   1.784212595352E-001
  00002  00358
   9.959726036432E-002   8.719280122386E-002
   1.784683983063E-001
  00002  00359
   9.921645119699E-002   8.748147433473E-002
   1.785447585256E-001
  00002  00360
   9.883571772934E-002   8.777008681202E-002
   1.786545345173E-001
  00002  00361
   9.845498155192E-002   8.805869860687E-002
   1.787995646114E-001
  00002  00362
   9.807424307070E-002   8.834730982153E-002
   1.789852064042E-001
  00002  00363
   9.769350261441E-002   8.863592053878E-002
   1.792145139397E-001
  00002  00364
   9.731276045206E-002   8.892453082640E-002
   1.794909893778E-001
  00002  00365
   9.693201680594E-002   8.921314074037E-002
   1.798197011428E-001
  00002  00366
   9.655127186133E-002   8.950175032735E-002
   1.802054748238E-001
  00002  00367
   9.617052577389E-002   8.979035962655E-002
   1.806517994424E-001
  00002  00368
   9.578977867534E-002   9.007896867116E-002
   1.811620136425E-001
  00002  00369
   9.540903067793E-002   9.036757748943E-002
   1.817431342221E-001
  00002  00370
   9.502828187787E-002   9.065618610562E-002
   1.823985433000E-001
  00002  00371
   9.464753235812E-002   9.094479454060E-002
   1.831333318694E-001
  00002  00372
   9.426678219058E-002   9.123340281249E-002
   1.839534797938E-001
  00002  00373
   9.388603143788E-002   9.152201093707E-002
   1.848612076363E-001
  00002  00374
   9.350528015484E-002   9.181061892815E-002
   1.858626858086E-001
  00002  00377
   1.002725366173E-001   8.692380829067E-002
   1.780161260269E-001
  00002  00378
   9.997287196203E-002   8.718002539808E-002
   1.779486505487E-001
  00002  00379
   9.967199081048E-002   8.743593401815E-002
   1.778840346473E-001
  00002  00380
   9.937080159146E-002   8.769176451640E-002
   1.778226177019E-001
  00002  00381
   9.906948850577E-002   8.794756360372E-002
   1.777642539006E-001
  00002  00382
   9.876811330804E-002   8.820334694025E-002
   1.777096226690E-001
  00002  00383
   9.846670255185E-002   8.845912125962E-002
   1.776592701712E-001
  00002  00384
   9.816526954273E-002   8.871488993596E-002
   1.776137058732E-001
  00002  00385
   9.786382168404E-002   8.897065484665E-002
   1.775739353603E-001
  00002  00386
   9.761530593017E-002   8.918150047943E-002
   1.775460233013E-001
  00002  00387
   9.726291584049E-002   8.948046523507E-002
   1.775149695195E-001
  00002  00388
   9.696104111290E-002   8.973656625707E-002
   1.774976211791E-001
  00002  00389
   9.665906400065E-002   8.999274930053E-002
   1.774899158399E-001
  00002  00390
   9.635698539376E-002   9.024901464375E-002
   1.774931368156E-001
  00002  00391
   9.605498881381E-002   9.050520735874E-002
   1.775086502920E-001
  00002  00392
   9.575350451242E-002   9.076096302809E-002
   1.775378598878E-001
  00002  00393
   9.545201837058E-002   9.101671823074E-002
   1.775823296614E-001
  00002  00394
   9.515053069475E-002   9.127247304438E-002
   1.776437981983E-001
  00002  00395
   9.484904172689E-002   9.152822753040E-002
   1.777239471021E-001
  00002  00396
   9.454755166066E-002   9.178398173788E-002
   1.778246095904E-001
  00002  00397
   9.424606065283E-002   9.203973570660E-002
   1.779476579021E-001
  00002  00398
   9.394456883170E-002   9.229548946908E-002
   1.780951579860E-001
  00002  00399
   9.364307630327E-002   9.255124305221E-002
   1.782696212701E-001
  00002  00400
   9.334158315589E-002   9.280699647838E-002
   1.784724489765E-001
  00002  00401
   9.304008946378E-002   9.306274976642E-002
   1.787062867268E-001
  00002  00402
   9.273859528975E-002   9.331850293226E-002
   1.789735119569E-001
  00002  00403
   9.243710068731E-002   9.357425598947E-002
   1.792765199910E-001
  00002  00404
   9.213560570234E-002   9.383000894968E-002
   1.796177823123E-001
  00002  00405
   9.183411037438E-002   9.408576182292E-002
   1.800000733827E-001
  00002  00406
   9.153261473771E-002   9.434151461789E-002
   1.804257625344E-001
  00002  00407
   9.123111882219E-002   9.459726734214E-002
   1.808973540585E-001
  00002  00408
   9.092962265395E-002   9.485302000232E-002
   1.814176360034E-001
  00002  00411
   9.656013814367E-002   9.023497250541E-002
   1.773415175264E-001
  00002  00412
   9.633427251752E-002   9.044496103634E-002
   1.773124498368E-001
  00002  00413
   9.610791308784E-002   9.065482417241E-002
   1.772851044096E-001
  00002  00414
   9.588142912572E-002   9.086465568511E-002
   1.772596073303E-001
  00002  00415
   9.565489517594E-002   9.107447450410E-002
   1.772358399406E-001
  00002  00416
   9.542833618363E-002   9.128428696388E-002
   1.772140795059E-001
  00002  00417
   9.520176286337E-002   9.149409578526E-002
   1.771945354858E-001
  00002  00418
   9.497518058028E-002   9.170390233065E-002
   1.771774521272E-001
  00002  00419
   9.483149893629E-002   9.183694223882E-002
   1.771680076784E-001
  00002  00420
   9.452292477473E-002   9.212265495052E-002
   1.771518785160E-001
  00002  00421
   9.429607825447E-002   9.233269057291E-002
   1.771439998520E-001
  00002  00422
   9.406916687825E-002   9.254278353892E-002
   1.771400507128E-001
  00002  00423
   9.384220704930E-002   9.275291928420E-002
   1.771403213156E-001
  00002  00424
   9.361560612636E-002   9.296272109625E-002
   1.771453465676E-001
  00002  00425
   9.338900409746E-002   9.317252262745E-002
   1.771556413470E-001
  00002  00426
   9.316240116983E-002   9.338232393044E-002
   1.771717591624E-001
  00002  00427
   9.293579750194E-002   9.359212504545E-002
   1.771942895520E-001
  00002  00428
   9.270919321710E-002   9.380192600379E-002
   1.772239921128E-001
  00002  00429
   9.248258841267E-002   9.401172683018E-002
   1.772612788075E-001
  00002  00430
   9.225598316652E-002   9.422152754442E-002
   1.773069811017E-001
  00002  00431
   9.202937754174E-002   9.443132816250E-002
   1.773618414292E-001
  00002  00432
   9.180277158992E-002   9.464112869753E-002
   1.774266912202E-001
  00002  00433
   9.157616535371E-002   9.485092916035E-002
   1.775022011502E-001
  00002  00434
   9.134955886862E-002   9.506072955997E-002
   1.775893183705E-001
  00002  00435
   9.112295216452E-002   9.527052990397E-002
   1.776889195881E-001
  00002  00436
   9.089634526666E-002   9.548033019877E-002
   1.778019729410E-001
  00002  00437
   9.066973819657E-002   9.569013044984E-002
   1.779292182835E-001
  00002  00438
   9.044313097268E-002   9.589993066185E-002
   1.780718860555E-001
  00002  00439
   9.021652361090E-002   9.610973083884E-002
   1.782308122550E-001
  00002  00440
   8.998991612502E-002   9.631953098433E-002
   1.784073415719E-001
  00002  00441
   8.976330852704E-002   9.652933110134E-002
   1.786023788715E-001
  00002  00442
   8.953670082746E-002   9.673913119256E-002
   1.788170443615E-001
  00002  00445
   9.397541325727E-002   9.271815655151E-002
   1.770975314761E-001
  00002  00446
   9.381503606299E-002   9.287662094694E-002
   1.770890795223E-001
  00002  00447
   9.365451432131E-002   9.303504865721E-002
   1.770814623179E-001
  00002  00448
   9.349395626627E-002   9.319346715139E-002
   1.770747332225E-001
  00002  00449
   9.333338365751E-002   9.335188195192E-002
   1.770688936655E-001
  00002  00450
   9.317280376397E-002   9.351029490364E-002
   1.770640108393E-001
  00002  00451
   9.307600441932E-002   9.360578534579E-002
   1.770615489994E-001
  00002  00452
   9.285201669471E-002   9.382673957788E-002
   1.770573737571E-001
  00002  00453
   9.269125031239E-002   9.398532594151E-002
   1.770557552100E-001
  00002  00454
   9.253045502229E-002   9.414393930796E-002
   1.770553910330E-001
  00002  00455
   9.236986452001E-002   9.430234956725E-002
   1.770563989260E-001
  00002  00456
   9.220927335401E-002   9.446075965808E-002
   1.770588864673E-001
  00002  00457
   9.204868167736E-002   9.461916961932E-002
   1.770629821412E-001
  00002  00458
   9.188808959945E-002   9.477757947872E-002
   1.770688217788E-001
  00002  00459
   9.172749720049E-002   9.493598925664E-002
   1.770765532575E-001
  00002  00460
   9.156690454065E-002   9.509439896835E-002
   1.770862827768E-001
  00002  00461
   9.140631166596E-002   9.525280862553E-002
   1.770982965315E-001
  00002  00462
   9.124571861221E-002   9.541121823727E-002
   1.771127149886E-001
  00002  00463
   9.108512540765E-002   9.556962781074E-002
   1.771296608349E-001
  00002  00464
   9.092453207491E-002   9.572803735167E-002
   1.771494474232E-001
  00002  00465
   9.076393863230E-002   9.588644686472E-002
   1.771722816036E-001
  00002  00466
   9.060334509478E-002   9.604485635368E-002
   1.771983515099E-001
  00002  00467
   9.044275147474E-002   9.620326582170E-002
   1.772279039566E-001
  00002  00468
   9.028215778248E-002   9.636167527139E-002
   1.772611845337E-001
  00002  00469
   9.012156402668E-002   9.652008470495E-002
   1.772984533200E-001
  00002  00470
   8.996097021466E-002   9.667849412424E-002
   1.773399770048E-001
  00002  00471
   8.980037635266E-002   9.683690353085E-002
   1.773860312954E-001
  00002  00472
   8.963978244605E-002   9.699531292614E-002
   1.774369198741E-001
  00002  00473
   8.947918849943E-002   9.715372231128E-002
   1.774929283244E-001
  00002  00474
   8.931859451680E-002   9.731213168727E-002
   1.775531168955E-001
  00002  00475
   8.915800050165E-002   9.747054105501E-002
   1.776202264105E-001
  00002  00476
   8.899740645703E-002   9.762895041528E-002
   1.776934083571E-001
  00002  00479
   9.245896788647E-002   9.424978131552E-002
   1.770496468417E-001
  00002  00480
   9.236207707518E-002   9.434916696086E-002
   1.770491015509E-001
  00002  00481
   9.226542695798E-002   9.444828726449E-002
   1.770488804117E-001
  00002  00482
   9.216826291386E-002   9.454792998180E-002
   1.770489100148E-001
  00002  00483
   9.207135257489E-002   9.464731066416E-002
   1.770493019848E-001
  00002  00484
   9.197444151143E-002   9.474669116240E-002
   1.770500338402E-001
  00002  00485
   9.187753003390E-002   9.484607155540E-002
   1.770511029868E-001
  00002  00486
   9.178061829755E-002   9.494545188262E-002
   1.770525172475E-001
  00002  00487
   9.168370638864E-002   9.504483216598E-002
   1.770542926920E-001
  00002  00488
   9.158679435892E-002   9.514421241864E-002
   1.770564616981E-001
  00002  00489
   9.148988224133E-002   9.524359264897E-002
   1.770589947446E-001
  00002  00490
   9.139297005785E-002   9.534297286255E-002
   1.770619088971E-001
  00002  00491
   9.129605782367E-002   9.544235306325E-002
   1.770653052513E-001
  00002  00492
   9.119914554965E-002   9.554173325382E-002
   1.770691044953E-001
  00002  00493
   9.110223324377E-002   9.564111343629E-002
   1.770733664857E-001
  00002  00494
   9.100532091200E-002   9.574049361219E-002
   1.770781139778E-001
  00002  00495
   9.090840855890E-002   9.583987378266E-002
   1.770833722491E-001
  00002  00496
   9.081149618804E-002   9.593925394862E-002
   1.770891642484E-001
  00002  00497
   9.071458380221E-002   9.603863411077E-002
   1.770955201377E-001
  00002  00498
   9.061767140365E-002   9.613801426969E-002
   1.771024691801E-001
  00002  00499
   9.052075899420E-002   9.623739442584E-002
   1.771100424198E-001
  00002  00500
   9.042384657533E-002   9.633677457960E-002
   1.771182711524E-001
  00002  00501
   9.032693414827E-002   9.643615473128E-002
   1.771271903793E-001
  00002  00502
   9.023002171404E-002   9.653553488113E-002
   1.771368340809E-001
  00002  00503
   9.013310927351E-002   9.663491502938E-002
   1.771472396407E-001
  00002  00504
   9.003619682741E-002   9.673429517622E-002
   1.771584477463E-001
  00002  00505
   8.993928437634E-002   9.683367532179E-002
   1.771704980794E-001
  00002  00506
   8.984237192085E-002   9.693305546624E-002
   1.771834343465E-001
  00002  00507
   8.974545946139E-002   9.703243560968E-002
   1.771973005122E-001
  00002  00508
   8.964854699835E-002   9.713181575222E-002
   1.772121425971E-001
  00002  00509
   8.955163453209E-002   9.723119589393E-002
   1.772280023480E-001
  00002  00510
   8.945472206291E-002   9.733057603490E-002
   1.772449293338E-001
  00002  00513
   9.223028848255E-002   9.448583544279E-002
   1.770488576708E-001
  00002  00514
   9.219416978079E-002   9.452313415513E-002
   1.770488971666E-001
  00002  00515
   9.215805010326E-002   9.456043370814E-002
   1.770489770724E-001
  00002  00516
   9.212193081627E-002   9.459773281610E-002
   1.770490914857E-001
  00002  00517
   9.208581151629E-002   9.463503192076E-002
   1.770492557392E-001
  00002  00518
   9.204969220982E-002   9.467233102377E-002
   1.770494630242E-001
  00002  00519
   9.201357289964E-002   9.470963012584E-002
   1.770497136550E-001
  00002  00520
   9.197745358714E-002   9.474692922732E-002
   1.770500077460E-001
  00002  00521
   9.194133427310E-002   9.478422832840E-002
   1.770503459419E-001
  00002  00522
   9.190521495798E-002   9.482152742922E-002
   1.770507288326E-001
  00002  00523
   9.186909564206E-002   9.485882652983E-002
   1.770511561863E-001
  00002  00524
   9.183297632556E-002   9.489612563029E-002
   1.770516283488E-001
  00002  00525
   9.179685700860E-002   9.493342473064E-002
   1.770521457562E-001
  00002  00526
   9.176073769129E-002   9.497072383090E-002
   1.770527098128E-001
  00002  00527
   9.172461837369E-002   9.500802293108E-002
   1.770533203370E-001
  00002  00528
   9.168849905586E-002   9.504532203121E-002
   1.770539774883E-001
  00002  00529
   9.165237973784E-002   9.508262113128E-002
   1.770546812390E-001
  00002  00530
   9.161626041966E-002   9.511992023132E-002
   1.770554337276E-001
  00002  00531
   9.158014110134E-002   9.515721933132E-002
   1.770562333189E-001
  00002  00532
   9.154402178291E-002   9.519451843129E-002
   1.770570815534E-001
  00002  00533
   9.150790246438E-002   9.523181753124E-002
   1.770579790318E-001
  00002  00534
   9.147178314577E-002   9.526911663117E-002
   1.770589266933E-001
  00002  00535
   9.143566382709E-002   9.530641573108E-002
   1.770598949355E-001
  00002  00536
   9.139954450834E-002   9.534371483097E-002
   1.770609442966E-001
  00002  00537
   9.136342518953E-002   9.538101393085E-002
   1.770620396335E-001
  00002  00538
   9.132730587068E-002   9.541831303071E-002
   1.770631875201E-001
  00002  00539
   9.129118655178E-002   9.545561213057E-002
   1.770643915786E-001
  00002  00540
   9.125506723284E-002   9.549291123041E-002
   1.770656529789E-001
  00002  00541
   9.121894791387E-002   9.553021033025E-002
   1.770669723715E-001
  00002  00542
   9.118282859486E-002   9.556750943007E-002
   1.770683500456E-001
  00002  00543
   9.114670927582E-002   9.560480852989E-002
   1.770698911316E-001
  00002  00544
   9.111058995676E-002   9.564210762971E-002
   1.770713675320E-001
