Recorder type:
least_squares
N_parameters:
2
function_evaluation,seconds,x(1),x(2),objective_function
     1,  8.6339e+00,  5.0000000000000003e-02, -5.0000000000000003e-02,  2.6333740591713101e-01
     2,  8.6340e+00,  5.0010000000000006e-02, -5.0000000000000003e-02,  2.6349079411038884e-01
     3,  8.6340e+00,  5.0000000000000003e-02, -4.9990000000000000e-02,  2.6318350632217730e-01
     4,  1.7167e+01,  3.3418622890983671e-02, -3.2444293657404324e-02,  2.4123204037748256e-03
     5,  1.7167e+01,  3.2995950310441780e-02, -3.2919269922882910e-02,  2.4642169466649010e-03
     6,  1.7167e+01,  3.3135839318626126e-02, -3.3178162619671478e-02,  2.8916238131919130e-03
     7,  1.7167e+01,  3.4489496791845806e-02, -3.4542883505650337e-02,  7.1674907684999983e-03
     8,  2.5404e+01,  3.3418622890983671e-02, -3.2444293657404324e-02,  2.4123204037748256e-03
     9,  2.5404e+01,  3.3428622890983674e-02, -3.2444293657404324e-02,  2.4222701909460942e-03
    10,  2.5404e+01,  3.3418622890983671e-02, -3.2434293657404321e-02,  2.4024442409646858e-03
    11,  5.7528e+01, -4.7869422861901251e-01, -5.4290307544725402e-01,  4.7869277107835060e+01
    12,  5.7528e+01, -7.0650063953984446e-02, -1.3356898103665815e-01,  1.0000000000000002e+12
    13,  5.7528e+01,  1.7141217834212748e-02, -4.5500352721030438e-02,  1.3038436798056561e-03
    14,  5.7528e+01,  2.9816006988491725e-02, -3.2786912078673167e-02,  7.9513599171554647e-04
    15,  6.4921e+01,  2.9816006988491725e-02, -3.2786912078673167e-02,  7.9513599171554647e-04
    16,  6.4921e+01,  2.9826006988491725e-02, -3.2786912078673167e-02,  7.9535459207992932e-04
    17,  6.4921e+01,  2.9816006988491725e-02, -3.2776912078673164e-02,  7.9490300572749564e-04
    18,  8.5678e+01,  3.4799282534344900e-01,  2.8008636953844784e-01,  2.4912540985131859e+01
    19,  8.5678e+01,  1.5922350334891383e-01,  9.4510147373677092e-02,  1.0000000000000002e+12
    20,  8.5678e+01,  5.3534663973916763e-02, -9.3909365344895003e-03,  3.0098279507450231e-03
    21,  8.5678e+01,  3.3111767652791994e-02, -2.9468442014969252e-02,  7.9572294582528464e-04
    22,  9.3832e+01,  3.0224341571272267e-02, -3.2307545790947176e-02,  7.9263643077671117e-04
    23,  9.3832e+01,  2.9838037293328266e-02, -3.2691002748438024e-02,  7.9400608271653988e-04
    24,  9.3832e+01,  2.9796106308273625e-02, -3.2751668235791814e-02,  7.9428967338288027e-04
    25,  9.3832e+01,  2.9807664819842213e-02, -3.2776620052007620e-02,  7.9476018578870087e-04
    26,  1.0170e+02,  3.0224341571272267e-02, -3.2307545790947176e-02,  7.9263643077671117e-04
    27,  1.0170e+02,  3.0234341571272267e-02, -3.2307545790947176e-02,  7.9263114225650814e-04
    28,  1.0170e+02,  3.0224341571272267e-02, -3.2297545790947173e-02,  7.9264230920897492e-04
    29,  1.3976e+02,  8.9327269629300099e-02,  2.5990005470495778e-02,  1.0000000000000002e+12
    30,  1.3976e+02,  3.8883184802032122e-02, -2.3768326706640759e-02,  8.9127774554481284e-04
    31,  1.3976e+02,  3.1395226313964658e-02, -3.1154488127965625e-02,  7.9127841047631296e-04
    32,  1.3976e+02,  3.0381584900254312e-02, -3.2154324031492813e-02,  7.9222716006922041e-04
    33,  1.4838e+02,  3.1395226313964658e-02, -3.1154488127965625e-02,  7.9127841047631296e-04
    34,  1.4838e+02,  3.1405226313964661e-02, -3.1154488127965625e-02,  7.9132389160828712e-04
    35,  1.4838e+02,  3.1395226313964658e-02, -3.1144488127965626e-02,  7.9126389107628833e-04
    36,  1.5518e+02,  9.5891663003934285e-03, -5.2942224832946153e-02,  2.6105489575948514e-03
    37,  1.5518e+02,  2.8473879013274760e-02, -3.4064239406492995e-02,  8.0205084008254629e-04
    38,  1.5518e+02,  3.1000926884258886e-02, -3.1538096928391442e-02,  7.9135186349655533e-04
    39,  1.5518e+02,  3.1338089258992563e-02, -3.1201094066329090e-02,  7.9125141096311215e-04
    40,  1.6391e+02,  3.1338089258992563e-02, -3.1201094066329090e-02,  7.9125141096311215e-04
    41,  1.6391e+02,  3.1348089258992566e-02, -3.1201094066329090e-02,  7.9126636671935540e-04
    42,  1.6391e+02,  3.1338089258992563e-02, -3.1191094066329091e-02,  7.9126612291025044e-04
    43,  1.7082e+02,  2.6141576893536592e-02, -3.6393410884217763e-02,  8.2956315032436988e-04
    44,  1.7082e+02,  3.0644857199169664e-02, -3.1893725744312644e-02,  7.9172495909886115e-04
    45,  1.7082e+02,  3.1245620573461225e-02, -3.1293442033036176e-02,  7.9126047887316227e-04
    46,  1.7082e+02,  3.1325738125224066e-02, -3.1213388800697441e-02,  7.9125065252268624e-04
    47,  1.7956e+02,  3.1325738125224066e-02, -3.1213388800697441e-02,  7.9125065252268624e-04
    48,  1.7956e+02,  3.1335738125224069e-02, -3.1213388800697441e-02,  7.9126497638221875e-04
    49,  1.7956e+02,  3.1325738125224066e-02, -3.1203388800697441e-02,  7.9126506130354436e-04
    50,  1.8807e+02,  3.0675625884918137e-02, -3.1861766399786211e-02,  7.9167453880034052e-04
    51,  1.8807e+02,  3.1239043929751169e-02, -3.1299852973550306e-02,  7.9126060487346751e-04
    52,  1.8807e+02,  3.1314177899324405e-02, -3.1224919647577967e-02,  7.9125024224642188e-04
    53,  1.8807e+02,  3.1324197180977488e-02, -3.1214927099416270e-02,  7.9125060303094968e-04
    54,  1.9678e+02,  3.1314177899324405e-02, -3.1224919647577967e-02,  7.9125024224642188e-04
    55,  1.9678e+02,  3.1324177899324408e-02, -3.1224919647577967e-02,  7.9126455524097122e-04
    56,  1.9678e+02,  3.1314177899324405e-02, -3.1214919647577968e-02,  7.9126463048810765e-04
    57,  2.0434e+02,  2.9182409935810932e-02, -3.3352369492867386e-02,  7.9721760263794814e-04
    58,  2.0434e+02,  3.1029893877425947e-02, -3.1508630458066872e-02,  7.9134766807957265e-04
    59,  2.0434e+02,  3.1276269166075774e-02, -3.1262754577985614e-02,  7.9125086495736774e-04
    60,  2.0434e+02,  3.1309123998614984e-02, -3.1229966330102752e-02,  7.9125014926308764e-04
    61,  2.1303e+02,  3.1309123998614984e-02, -3.1229966330102752e-02,  7.9125014926308764e-04
    62,  2.1303e+02,  3.1319123998614987e-02, -3.1229966330102752e-02,  7.9126441451006816e-04
    63,  2.1303e+02,  3.1309123998614984e-02, -3.1219966330102752e-02,  7.9126446150405163e-04
    64,  2.2163e+02,  3.0720899586832176e-02, -3.1816975950120022e-02,  7.9162011208017624e-04
    65,  2.2163e+02,  3.1230681700419070e-02, -3.1308244830832478e-02,  7.9126186636139075e-04
    66,  2.2163e+02,  3.1298662642246317e-02, -3.1240404044598314e-02,  7.9125031324288916e-04
    67,  2.2163e+02,  3.1307728062695876e-02, -3.1231357332171993e-02,  7.9125013626124530e-04
    68,  2.3028e+02,  3.1307728062695876e-02, -3.1231357332171993e-02,  7.9125013626124530e-04
    69,  2.3028e+02,  3.1317728062695879e-02, -3.1231357332171993e-02,  7.9126437656735094e-04
    70,  2.3028e+02,  3.1307728062695876e-02, -3.1221357332171993e-02,  7.9126443449456063e-04
    71,  2.3903e+02,  3.1089923982861402e-02, -3.1448707124079246e-02,  7.9131026976444856e-04
    72,  2.3903e+02,  3.1278683264916646e-02, -3.1260341321552212e-02,  7.9125073046641930e-04
    73,  2.3903e+02,  3.1303854762076609e-02, -3.1235222296446291e-02,  7.9125015750013703e-04
    74,  2.3903e+02,  3.1307211438226901e-02, -3.1231872622170864e-02,  7.9125013275617537e-04
    75,  2.4781e+02,  3.1307211438226901e-02, -3.1231872622170864e-02,  7.9125013275617537e-04
    76,  2.4781e+02,  3.1317211438226904e-02, -3.1231872622170864e-02,  7.9126436526826200e-04
    77,  2.4781e+02,  3.1307211438226901e-02, -3.1221872622170865e-02,  7.9126442442007446e-04
    78,  2.5695e+02,  3.1213472122883772e-02, -3.1325415667526273e-02,  7.9126525173708699e-04
    79,  2.5695e+02,  3.1294711054996760e-02, -3.1244346757201030e-02,  7.9125048925703079e-04
    80,  2.5695e+02,  3.1305544447799406e-02, -3.1233536037606393e-02,  7.9125013900019803e-04
    81,  2.5695e+02,  3.1306989105595200e-02, -3.1232094406378298e-02,  7.9125013268992411e-04
    82,  2.6579e+02,  3.1306989105595200e-02, -3.1232094406378298e-02,  7.9125013268992411e-04
    83,  2.6579e+02,  3.1316989105595203e-02, -3.1232094406378298e-02,  7.9126436067436339e-04
    84,  2.6579e+02,  3.1306989105595200e-02, -3.1222094406378298e-02,  7.9126442036017730e-04
    85,  2.7458e+02,  3.1264895355605067e-02, -3.1274099585994919e-02,  7.9126052893889530e-04
    86,  2.7458e+02,  3.1301375794024221e-02, -3.1237695869953917e-02,  7.9125019768313252e-04
    87,  2.7458e+02,  3.1306240540165141e-02, -3.1232841355334457e-02,  7.9125013395905789e-04
    88,  2.7458e+02,  3.1306889265977945e-02, -3.1232193996845837e-02,  7.9125013280222805e-04
    89,  2.8329e+02,  3.1306975781561781e-02, -3.1232107676795587e-02,  7.9125013272208144e-04
    90,  2.8329e+02,  3.1306987326954458e-02, -3.1232096174168451e-02,  7.9125013272473210e-04
    91,  2.8329e+02,  3.1306988868329444e-02, -3.1232094642036870e-02,  7.9125013271338874e-04
    92,  2.8329e+02,  3.1306989073953594e-02, -3.1232094437802171e-02,  7.9125013272386636e-04
    93,  2.9197e+02,  3.1306989101375693e-02, -3.1232094410568706e-02,  7.9125013271306717e-04
    94,  2.9197e+02,  3.1306989105032518e-02, -3.1232094406937097e-02,  7.9125013272974588e-04
    95,  2.9197e+02,  3.1306989105520162e-02, -3.1232094406452814e-02,  7.9125013272647560e-04
    96,  2.9197e+02,  3.1306989105585194e-02, -3.1232094406388234e-02,  7.9125013270283729e-04
    97,  3.0082e+02,  3.1306989105593867e-02, -3.1232094406379623e-02,  7.9125013271890440e-04
    98,  3.0082e+02,  3.1306989105595019e-02, -3.1232094406378474e-02,  7.9125013271822287e-04
    99,  3.0082e+02,  3.1306989105595179e-02, -3.1232094406378322e-02,  7.9125013270690597e-04
   100,  3.0082e+02,  3.1306989105595200e-02, -3.1232094406378301e-02,  7.9125013272210237e-04
    81,  2.5695e+02,  3.1306989105595200e-02, -3.1232094406378298e-02,  7.9125013268992411e-04
