outer_iteration,j_line_search,lambdas(1:N_line_search),objective_functions(1:N_line_search),min_objective_function_index,line_search_succeeded
     1,  0,  4.8696752516586342e-04,  3.6517412725483780e-03,  2.7384196342643611e-02,  2.0535250264571450e-01,  2.4123204037748256e-03,  2.4642169466649010e-03,  2.8916238131919130e-03,  7.1674907684999983e-03,  0, 1
     2,  0,  2.3713737056616578e-06,  1.7782794100389243e-05,  1.3335214321633248e-04,  1.0000000000000000e-03,  4.7869277107835060e+01,  1.0000000000000002e+12,  1.3038436798056561e-03,  7.9513599171554647e-04,  3, 1
     3,  0,  4.8696752516586344e-06,  3.6517412725483777e-05,  2.7384196342643611e-04,  2.0535250264571451e-03,  2.4912540985131859e+01,  1.0000000000000002e+12,  3.0098279507450231e-03,  7.9572294582528464e-04,  3, 0
     3,  1,  1.5399265260594904e-02,  1.1547819846894566e-01,  8.6596432336006390e-01,  6.4938163157620989e+00,  7.9263643077671117e-04,  7.9400608271653988e-04,  7.9428967338288027e-04,  7.9476018578870087e-04,  0, 1
     4,  0,  7.4989420933245545e-05,  5.6234132519034856e-04,  4.2169650342858177e-03,  3.1622776601683743e-02,  1.0000000000000002e+12,  8.9127774554481284e-04,  7.9127841047631296e-04,  7.9222716006922041e-04,  2, 1
     5,  0,  2.0535250264571449e-05,  1.5399265260594906e-04,  1.1547819846894566e-03,  8.6596432336006387e-03,  2.6105489575948514e-03,  8.0205084008254629e-04,  7.9135186349655533e-04,  7.9125141096311215e-04,  3, 1
     6,  0,  4.2169650342858175e-05,  3.1622776601683745e-04,  2.3713737056616510e-03,  1.7782794100389188e-02,  8.2956315032436988e-04,  7.9172495909886115e-04,  7.9126047887316227e-04,  7.9125065252268624e-04,  3, 1
     7,  0,  8.6596432336006387e-05,  6.4938163157621004e-04,  4.8696752516586197e-03,  3.6517412725483665e-02,  7.9167453880034052e-04,  7.9126060487346751e-04,  7.9125024224642188e-04,  7.9125060303094968e-04,  2, 1
     8,  0,  2.3713737056616510e-05,  1.7782794100389189e-04,  1.3335214321633206e-03,  9.9999999999999707e-03,  7.9721760263794814e-04,  7.9134766807957265e-04,  7.9125086495736774e-04,  7.9125014926308764e-04,  3, 1
     9,  0,  4.8696752516586190e-05,  3.6517412725483667e-04,  2.7384196342643526e-03,  2.0535250264571387e-02,  7.9162011208017624e-04,  7.9126186636139075e-04,  7.9125031324288916e-04,  7.9125013626124530e-04,  3, 1
    10,  0,  9.9999999999999693e-05,  7.4989420933245325e-04,  5.6234132519034693e-03,  4.2169650342858050e-02,  7.9131026976444856e-04,  7.9125073046641930e-04,  7.9125015750013703e-04,  7.9125013275617537e-04,  3, 1
    11,  0,  2.0535250264571385e-04,  1.5399265260594857e-03,  1.1547819846894531e-02,  8.6596432336006113e-02,  7.9126525173708699e-04,  7.9125048925703079e-04,  7.9125013900019803e-04,  7.9125013268992411e-04,  3, 1
    12,  0,  4.2169650342858039e-04,  3.1622776601683642e-03,  2.3713737056616432e-02,  1.7782794100389129e-01,  7.9126052893889530e-04,  7.9125019768313252e-04,  7.9125013395905789e-04,  7.9125013280222805e-04,  3, 0
    12,  1,  1.3335214321633162e+00,  9.9999999999999361e+00,  7.4989420933245086e+01,  5.6234132519034506e+02,  7.9125013272208144e-04,  7.9125013272473210e-04,  7.9125013271338874e-04,  7.9125013272386636e-04,  2, 0
    12,  2,  4.2169650342857904e+03,  3.1622776601683545e+04,  2.3713737056616359e+05,  1.7782794100389073e+06,  7.9125013271306717e-04,  7.9125013272974588e-04,  7.9125013272647560e-04,  7.9125013270283729e-04,  3, 0
    12,  3,  1.3335214321633119e+07,  9.9999999999999061e+07,  7.4989420933244860e+08,  5.6234132519034338e+09,  7.9125013271890440e-04,  7.9125013271822287e-04,  7.9125013270690597e-04,  7.9125013272210237e-04,  2, 0
