rank_world, N_procs_world, worker_group, N_worker_groups, rank_worker_groups, N_procs_worker_groups, rank_group_leaders, N_procs_group_leaders
         0,            32,            0,              32,                  0,                     1,                  0,                    32
         1,            32,            1,              32,                  0,                     1,                  1,                    32
         2,            32,            2,              32,                  0,                     1,                  2,                    32
         3,            32,            3,              32,                  0,                     1,                  3,                    32
         4,            32,            4,              32,                  0,                     1,                  4,                    32
         5,            32,            5,              32,                  0,                     1,                  5,                    32
         6,            32,            6,              32,                  0,                     1,                  6,                    32
         7,            32,            7,              32,                  0,                     1,                  7,                    32
         8,            32,            8,              32,                  0,                     1,                  8,                    32
         9,            32,            9,              32,                  0,                     1,                  9,                    32
        10,            32,           10,              32,                  0,                     1,                 10,                    32
        11,            32,           11,              32,                  0,                     1,                 11,                    32
        12,            32,           12,              32,                  0,                     1,                 12,                    32
        13,            32,           13,              32,                  0,                     1,                 13,                    32
        14,            32,           14,              32,                  0,                     1,                 14,                    32
        15,            32,           15,              32,                  0,                     1,                 15,                    32
        16,            32,           16,              32,                  0,                     1,                 16,                    32
        17,            32,           17,              32,                  0,                     1,                 17,                    32
        18,            32,           18,              32,                  0,                     1,                 18,                    32
        19,            32,           19,              32,                  0,                     1,                 19,                    32
        20,            32,           20,              32,                  0,                     1,                 20,                    32
        21,            32,           21,              32,                  0,                     1,                 21,                    32
        22,            32,           22,              32,                  0,                     1,                 22,                    32
        23,            32,           23,              32,                  0,                     1,                 23,                    32
        24,            32,           24,              32,                  0,                     1,                 24,                    32
        25,            32,           25,              32,                  0,                     1,                 25,                    32
        26,            32,           26,              32,                  0,                     1,                 26,                    32
        27,            32,           27,              32,                  0,                     1,                 27,                    32
        28,            32,           28,              32,                  0,                     1,                 28,                    32
        29,            32,           29,              32,                  0,                     1,                 29,                    32
        30,            32,           30,              32,                  0,                     1,                 30,                    32
        31,            32,           31,              32,                  0,                     1,                 31,                    32
