Recorder type:
least_squares
N_parameters:
8
function_evaluation,seconds,x(1),x(2),x(3),x(4),x(5),x(6),x(7),x(8),objective_function
     1,  3.4598e+00,  0.0000000000000000e+00,  0.0000000000000000e+00,  2.0000000000000001e-01,  2.0699999999999999e-01,  1.4999999999999999e-01,  1.4999999999999999e-01,  0.0000000000000000e+00,  0.0000000000000000e+00,  1.3661282491347608e+00
     2,  6.9196e+00,  0.0000000000000000e+00,  0.0000000000000000e+00,  2.0000000000000001e-01,  2.0699999999999999e-01,  1.4999999999999999e-01,  1.4999999999999999e-01,  0.0000000000000000e+00,  0.0000000000000000e+00,  1.3661282491347608e+00
     3,  6.9196e+00,  9.9999999999999995e-07,  0.0000000000000000e+00,  2.0000000000000001e-01,  2.0699999999999999e-01,  1.4999999999999999e-01,  1.4999999999999999e-01,  0.0000000000000000e+00,  0.0000000000000000e+00,  1.3661244242217774e+00
     4,  6.9197e+00,  0.0000000000000000e+00,  9.9999999999999995e-07,  2.0000000000000001e-01,  2.0699999999999999e-01,  1.4999999999999999e-01,  1.4999999999999999e-01,  0.0000000000000000e+00,  0.0000000000000000e+00,  1.3661243423142888e+00
     5,  6.9197e+00,  0.0000000000000000e+00,  0.0000000000000000e+00,  2.0000100000000001e-01,  2.0699999999999999e-01,  1.4999999999999999e-01,  1.4999999999999999e-01,  0.0000000000000000e+00,  0.0000000000000000e+00,  1.3661549217659628e+00
     6,  6.9197e+00,  0.0000000000000000e+00,  0.0000000000000000e+00,  2.0000000000000001e-01,  2.0700099999999999e-01,  1.4999999999999999e-01,  1.4999999999999999e-01,  0.0000000000000000e+00,  0.0000000000000000e+00,  1.3661540739096703e+00
     7,  6.9197e+00,  0.0000000000000000e+00,  0.0000000000000000e+00,  2.0000000000000001e-01,  2.0699999999999999e-01,  1.5000100000000000e-01,  1.4999999999999999e-01,  0.0000000000000000e+00,  0.0000000000000000e+00,  1.3661278937377821e+00
     8,  6.9197e+00,  0.0000000000000000e+00,  0.0000000000000000e+00,  2.0000000000000001e-01,  2.0699999999999999e-01,  1.4999999999999999e-01,  1.5000100000000000e-01,  0.0000000000000000e+00,  0.0000000000000000e+00,  1.3661279014714953e+00
     9,  6.9197e+00,  0.0000000000000000e+00,  0.0000000000000000e+00,  2.0000000000000001e-01,  2.0699999999999999e-01,  1.4999999999999999e-01,  1.4999999999999999e-01,  9.9999999999999995e-07,  0.0000000000000000e+00,  1.3661242943404255e+00
    10,  6.9198e+00,  0.0000000000000000e+00,  0.0000000000000000e+00,  2.0000000000000001e-01,  2.0699999999999999e-01,  1.4999999999999999e-01,  1.4999999999999999e-01,  0.0000000000000000e+00,  9.9999999999999995e-07,  1.3661244681753826e+00
    11,  1.8228e+01, -2.2782538200982264e-01,  2.2428055622611137e-01,  1.4096774284895833e-01,  1.7301723236499278e-01,  5.0967078436325275e-01,  5.3299746063559217e-01,  1.0079310614103672e-02, -2.2903201967542298e-02,  3.7395418469680579e+00
    12,  3.3387e+01, -2.0381207065718662e-01,  1.9787429605535325e-01,  1.5046542451621994e-01,  1.6332348566085358e-01,  5.0760414767531237e-01,  5.3430267169165768e-01,  8.0773256474793304e-03, -1.8616715861113055e-02,  1.0000000000000227e+12
    13,  4.4544e+01, -1.2680431152721766e-01,  1.1876792516256827e-01,  1.5643270562919681e-01,  1.5768077085219623e-01,  5.0623725312214218e-01,  5.3219297678705080e-01,  5.4608557391725978e-03, -1.4614678235725008e-02,  1.2260749729064646e+01
    14,  4.7823e+01, -3.0320006813919179e-02,  2.2786705209894599e-02,  1.5682269805007348e-01,  1.6055524971755963e-01,  4.9401590630630365e-01,  5.1050278563674312e-01, -4.8807320623519093e-04, -7.1831845219188810e-03,  1.6858449515693957e-01
    15,  5.1154e+01, -3.0320006813919179e-02,  2.2786705209894599e-02,  1.5682269805007348e-01,  1.6055524971755963e-01,  4.9401590630630365e-01,  5.1050278563674312e-01, -4.8807320623519093e-04, -7.1831845219188810e-03,  1.6858449515693957e-01
    16,  5.1154e+01, -3.0319006813919178e-02,  2.2786705209894599e-02,  1.5682269805007348e-01,  1.6055524971755963e-01,  4.9401590630630365e-01,  5.1050278563674312e-01, -4.8807320623519093e-04, -7.1831845219188810e-03,  1.6859104384809873e-01
    17,  5.1154e+01, -3.0320006813919179e-02,  2.2787705209894600e-02,  1.5682269805007348e-01,  1.6055524971755963e-01,  4.9401590630630365e-01,  5.1050278563674312e-01, -4.8807320623519093e-04, -7.1831845219188810e-03,  1.6859410621754531e-01
    18,  5.1154e+01, -3.0320006813919179e-02,  2.2786705209894599e-02,  1.5682369805007348e-01,  1.6055524971755963e-01,  4.9401590630630365e-01,  5.1050278563674312e-01, -4.8807320623519093e-04, -7.1831845219188810e-03,  1.6857671145557407e-01
    19,  5.1154e+01, -3.0320006813919179e-02,  2.2786705209894599e-02,  1.5682269805007348e-01,  1.6055624971755963e-01,  4.9401590630630365e-01,  5.1050278563674312e-01, -4.8807320623519093e-04, -7.1831845219188810e-03,  1.6857461857713182e-01
    20,  5.1154e+01, -3.0320006813919179e-02,  2.2786705209894599e-02,  1.5682269805007348e-01,  1.6055524971755963e-01,  4.9401690630630363e-01,  5.1050278563674312e-01, -4.8807320623519093e-04, -7.1831845219188810e-03,  1.6858524163369923e-01
    21,  5.1154e+01, -3.0320006813919179e-02,  2.2786705209894599e-02,  1.5682269805007348e-01,  1.6055524971755963e-01,  4.9401590630630365e-01,  5.1050378563674315e-01, -4.8807320623519093e-04, -7.1831845219188810e-03,  1.6858521052891048e-01
    22,  5.1154e+01, -3.0320006813919179e-02,  2.2786705209894599e-02,  1.5682269805007348e-01,  1.6055524971755963e-01,  4.9401590630630365e-01,  5.1050278563674312e-01, -4.8707320623519090e-04, -7.1831845219188810e-03,  1.6859229126353853e-01
    23,  5.1154e+01, -3.0320006813919179e-02,  2.2786705209894599e-02,  1.5682269805007348e-01,  1.6055524971755963e-01,  4.9401590630630365e-01,  5.1050278563674312e-01, -4.8807320623519093e-04, -7.1821845219188808e-03,  1.6859246789960541e-01
    24,  5.4004e+01, -3.2906472663703418e-02,  2.1343044772448892e-02,  1.6250254462149272e-01,  1.6501462589945753e-01,  3.7842544591822064e-01,  4.0273826320527395e-01,  3.6263487615456414e-03, -1.4167469078250342e-02,  1.3275368508579908e-02
    25,  5.6893e+01, -3.2906472663703418e-02,  2.1343044772448892e-02,  1.6250254462149272e-01,  1.6501462589945753e-01,  3.7842544591822064e-01,  4.0273826320527395e-01,  3.6263487615456414e-03, -1.4167469078250342e-02,  1.3275368508579908e-02
    26,  5.6893e+01, -3.2905472663703417e-02,  2.1343044772448892e-02,  1.6250254462149272e-01,  1.6501462589945753e-01,  3.7842544591822064e-01,  4.0273826320527395e-01,  3.6263487615456414e-03, -1.4167469078250342e-02,  1.3276118152868829e-02
    27,  5.6893e+01, -3.2906472663703418e-02,  2.1344044772448893e-02,  1.6250254462149272e-01,  1.6501462589945753e-01,  3.7842544591822064e-01,  4.0273826320527395e-01,  3.6263487615456414e-03, -1.4167469078250342e-02,  1.3276305775532857e-02
    28,  5.6893e+01, -3.2906472663703418e-02,  2.1343044772448892e-02,  1.6250354462149272e-01,  1.6501462589945753e-01,  3.7842544591822064e-01,  4.0273826320527395e-01,  3.6263487615456414e-03, -1.4167469078250342e-02,  1.3274459671718940e-02
    29,  5.6893e+01, -3.2906472663703418e-02,  2.1343044772448892e-02,  1.6250254462149272e-01,  1.6501562589945754e-01,  3.7842544591822064e-01,  4.0273826320527395e-01,  3.6263487615456414e-03, -1.4167469078250342e-02,  1.3274301418274754e-02
    30,  5.6894e+01, -3.2906472663703418e-02,  2.1343044772448892e-02,  1.6250254462149272e-01,  1.6501462589945753e-01,  3.7842644591822061e-01,  4.0273826320527395e-01,  3.6263487615456414e-03, -1.4167469078250342e-02,  1.3275378578320353e-02
    31,  5.6894e+01, -3.2906472663703418e-02,  2.1343044772448892e-02,  1.6250254462149272e-01,  1.6501462589945753e-01,  3.7842544591822064e-01,  4.0273926320527392e-01,  3.6263487615456414e-03, -1.4167469078250342e-02,  1.3275410623979255e-02
    32,  5.6894e+01, -3.2906472663703418e-02,  2.1343044772448892e-02,  1.6250254462149272e-01,  1.6501462589945753e-01,  3.7842544591822064e-01,  4.0273826320527395e-01,  3.6273487615456415e-03, -1.4167469078250342e-02,  1.3276232933499370e-02
    33,  5.6894e+01, -3.2906472663703418e-02,  2.1343044772448892e-02,  1.6250254462149272e-01,  1.6501462589945753e-01,  3.7842544591822064e-01,  4.0273826320527395e-01,  3.6263487615456414e-03, -1.4166469078250343e-02,  1.3276182017256792e-02
    34,  5.9968e+01, -5.0052420833962205e-02,  3.1544543260648275e-02,  1.6538507948575065e-01,  1.6687384187663698e-01,  3.7218656047869525e-01,  3.8111884879253893e-01,  5.9710619004600240e-03, -1.2520713385356283e-02,  1.0118448910515724e-02
    35,  6.3091e+01, -5.0052420833962205e-02,  3.1544543260648275e-02,  1.6538507948575065e-01,  1.6687384187663698e-01,  3.7218656047869525e-01,  3.8111884879253893e-01,  5.9710619004600240e-03, -1.2520713385356283e-02,  1.0118448910515724e-02
    36,  6.3091e+01, -5.0051420833962204e-02,  3.1544543260648275e-02,  1.6538507948575065e-01,  1.6687384187663698e-01,  3.7218656047869525e-01,  3.8111884879253893e-01,  5.9710619004600240e-03, -1.2520713385356283e-02,  1.0118651027378864e-02
    37,  6.3091e+01, -5.0052420833962205e-02,  3.1545543260648276e-02,  1.6538507948575065e-01,  1.6687384187663698e-01,  3.7218656047869525e-01,  3.8111884879253893e-01,  5.9710619004600240e-03, -1.2520713385356283e-02,  1.0118918825974195e-02
    38,  6.3091e+01, -5.0052420833962205e-02,  3.1544543260648275e-02,  1.6538607948575065e-01,  1.6687384187663698e-01,  3.7218656047869525e-01,  3.8111884879253893e-01,  5.9710619004600240e-03, -1.2520713385356283e-02,  1.0117785111599310e-02
    39,  6.3091e+01, -5.0052420833962205e-02,  3.1544543260648275e-02,  1.6538507948575065e-01,  1.6687484187663698e-01,  3.7218656047869525e-01,  3.8111884879253893e-01,  5.9710619004600240e-03, -1.2520713385356283e-02,  1.0117681473559721e-02
    40,  6.3091e+01, -5.0052420833962205e-02,  3.1544543260648275e-02,  1.6538507948575065e-01,  1.6687384187663698e-01,  3.7218756047869522e-01,  3.8111884879253893e-01,  5.9710619004600240e-03, -1.2520713385356283e-02,  1.0118442122270274e-02
    41,  6.3091e+01, -5.0052420833962205e-02,  3.1544543260648275e-02,  1.6538507948575065e-01,  1.6687384187663698e-01,  3.7218656047869525e-01,  3.8111984879253891e-01,  5.9710619004600240e-03, -1.2520713385356283e-02,  1.0118466007809699e-02
    42,  6.3091e+01, -5.0052420833962205e-02,  3.1544543260648275e-02,  1.6538507948575065e-01,  1.6687384187663698e-01,  3.7218656047869525e-01,  3.8111884879253893e-01,  5.9720619004600241e-03, -1.2520713385356283e-02,  1.0118770244777274e-02
    43,  6.3091e+01, -5.0052420833962205e-02,  3.1544543260648275e-02,  1.6538507948575065e-01,  1.6687384187663698e-01,  3.7218656047869525e-01,  3.8111884879253893e-01,  5.9710619004600240e-03, -1.2519713385356283e-02,  1.0118745256082610e-02
    44,  6.6748e+01, -8.4007256683118134e-02,  5.6391401329081242e-02,  1.7691451550565002e-01,  1.7462722818779919e-01,  3.0940804292292268e-01,  3.4493968289330279e-01,  1.0495245961280975e-02, -3.7937982072657264e-04,  1.2990838459358563e-02
    45,  7.0072e+01, -6.8783542121804361e-02,  4.5336225659701468e-02,  1.7215661787923792e-01,  1.7123766938861043e-01,  3.3674904783138837e-01,  3.6098327853102657e-01,  9.1414928992414601e-03, -6.8377484826992680e-03,  8.4864383568205859e-03
    46,  7.3429e+01, -6.8783542121804361e-02,  4.5336225659701468e-02,  1.7215661787923792e-01,  1.7123766938861043e-01,  3.3674904783138837e-01,  3.6098327853102657e-01,  9.1414928992414601e-03, -6.8377484826992680e-03,  8.4864383568205859e-03
    47,  7.3429e+01, -6.8782542121804360e-02,  4.5336225659701468e-02,  1.7215661787923792e-01,  1.7123766938861043e-01,  3.3674904783138837e-01,  3.6098327853102657e-01,  9.1414928992414601e-03, -6.8377484826992680e-03,  8.4865292881587708e-03
    48,  7.3429e+01, -6.8783542121804361e-02,  4.5337225659701469e-02,  1.7215661787923792e-01,  1.7123766938861043e-01,  3.3674904783138837e-01,  3.6098327853102657e-01,  9.1414928992414601e-03, -6.8377484826992680e-03,  8.4870999896501445e-03
    49,  7.3429e+01, -6.8783542121804361e-02,  4.5336225659701468e-02,  1.7215761787923792e-01,  1.7123766938861043e-01,  3.3674904783138837e-01,  3.6098327853102657e-01,  9.1414928992414601e-03, -6.8377484826992680e-03,  8.4856217428803567e-03
    50,  7.3429e+01, -6.8783542121804361e-02,  4.5336225659701468e-02,  1.7215661787923792e-01,  1.7123866938861043e-01,  3.3674904783138837e-01,  3.6098327853102657e-01,  9.1414928992414601e-03, -6.8377484826992680e-03,  8.4854412084470338e-03
    51,  7.3429e+01, -6.8783542121804361e-02,  4.5336225659701468e-02,  1.7215661787923792e-01,  1.7123766938861043e-01,  3.3675004783138834e-01,  3.6098327853102657e-01,  9.1414928992414601e-03, -6.8377484826992680e-03,  8.4864433651607694e-03
    52,  7.3429e+01, -6.8783542121804361e-02,  4.5336225659701468e-02,  1.7215661787923792e-01,  1.7123766938861043e-01,  3.3674904783138837e-01,  3.6098427853102655e-01,  9.1414928992414601e-03, -6.8377484826992680e-03,  8.4864616449203192e-03
    53,  7.3429e+01, -6.8783542121804361e-02,  4.5336225659701468e-02,  1.7215661787923792e-01,  1.7123766938861043e-01,  3.3674904783138837e-01,  3.6098327853102657e-01,  9.1424928992414594e-03, -6.8377484826992680e-03,  8.4867497186046897e-03
    54,  7.3429e+01, -6.8783542121804361e-02,  4.5336225659701468e-02,  1.7215661787923792e-01,  1.7123766938861043e-01,  3.3674904783138837e-01,  3.6098327853102657e-01,  9.1414928992414601e-03, -6.8367484826992678e-03,  8.4867358571368619e-03
    55,  7.6889e+01, -9.1333365786516810e-02,  6.1667222167226497e-02,  1.8343370452809618e-01,  1.7728830336536008e-01,  2.7206567803597836e-01,  3.2435443277808401e-01,  1.4357490783400881e-02,  3.1036044043591601e-05,  5.7498579743684901e-03
    56,  8.0845e+01, -9.1333365786516810e-02,  6.1667222167226497e-02,  1.8343370452809618e-01,  1.7728830336536008e-01,  2.7206567803597836e-01,  3.2435443277808401e-01,  1.4357490783400881e-02,  3.1036044043591601e-05,  5.7498579743684901e-03
    57,  8.0845e+01, -9.1332365786516809e-02,  6.1667222167226497e-02,  1.8343370452809618e-01,  1.7728830336536008e-01,  2.7206567803597836e-01,  3.2435443277808401e-01,  1.4357490783400881e-02,  3.1036044043591601e-05,  5.7498316974023619e-03
    58,  8.0845e+01, -9.1333365786516810e-02,  6.1668222167226498e-02,  1.8343370452809618e-01,  1.7728830336536008e-01,  2.7206567803597836e-01,  3.2435443277808401e-01,  1.4357490783400881e-02,  3.1036044043591601e-05,  5.7507452015518531e-03
    59,  8.0845e+01, -9.1333365786516810e-02,  6.1667222167226497e-02,  1.8343470452809618e-01,  1.7728830336536008e-01,  2.7206567803597836e-01,  3.2435443277808401e-01,  1.4357490783400881e-02,  3.1036044043591601e-05,  5.7489692360170831e-03
    60,  8.0845e+01, -9.1333365786516810e-02,  6.1667222167226497e-02,  1.8343370452809618e-01,  1.7728930336536008e-01,  2.7206567803597836e-01,  3.2435443277808401e-01,  1.4357490783400881e-02,  3.1036044043591601e-05,  5.7486764891373273e-03
    61,  8.0845e+01, -9.1333365786516810e-02,  6.1667222167226497e-02,  1.8343370452809618e-01,  1.7728830336536008e-01,  2.7206667803597834e-01,  3.2435443277808401e-01,  1.4357490783400881e-02,  3.1036044043591601e-05,  5.7498814234653089e-03
    62,  8.0845e+01, -9.1333365786516810e-02,  6.1667222167226497e-02,  1.8343370452809618e-01,  1.7728830336536008e-01,  2.7206567803597836e-01,  3.2435543277808399e-01,  1.4357490783400881e-02,  3.1036044043591601e-05,  5.7498886508995616e-03
    63,  8.0845e+01, -9.1333365786516810e-02,  6.1667222167226497e-02,  1.8343370452809618e-01,  1.7728830336536008e-01,  2.7206567803597836e-01,  3.2435443277808401e-01,  1.4358490783400880e-02,  3.1036044043591601e-05,  5.7501531124746234e-03
    64,  8.0845e+01, -9.1333365786516810e-02,  6.1667222167226497e-02,  1.8343370452809618e-01,  1.7728830336536008e-01,  2.7206567803597836e-01,  3.2435443277808401e-01,  1.4357490783400881e-02,  3.2036044043591598e-05,  5.7501622440446045e-03
    65,  8.4164e+01, -1.2209883018273658e-01,  8.0748950808466696e-02,  2.0048701754349846e-01,  1.8505905509841261e-01,  1.6671237058351360e-01,  2.3516100767740411e-01,  2.1634100311742056e-02,  1.0323509032730166e-02,  2.7865985470055489e-03
    66,  8.7534e+01, -1.2209883018273658e-01,  8.0748950808466696e-02,  2.0048701754349846e-01,  1.8505905509841261e-01,  1.6671237058351360e-01,  2.3516100767740411e-01,  2.1634100311742056e-02,  1.0323509032730166e-02,  2.7865985470055489e-03
    67,  8.7534e+01, -1.2209783018273658e-01,  8.0748950808466696e-02,  2.0048701754349846e-01,  1.8505905509841261e-01,  1.6671237058351360e-01,  2.3516100767740411e-01,  2.1634100311742056e-02,  1.0323509032730166e-02,  2.7864705900616663e-03
    68,  8.7534e+01, -1.2209883018273658e-01,  8.0749950808466697e-02,  2.0048701754349846e-01,  1.8505905509841261e-01,  1.6671237058351360e-01,  2.3516100767740411e-01,  2.1634100311742056e-02,  1.0323509032730166e-02,  2.7879945008015485e-03
    69,  8.7534e+01, -1.2209883018273658e-01,  8.0748950808466696e-02,  2.0048801754349846e-01,  1.8505905509841261e-01,  1.6671237058351360e-01,  2.3516100767740411e-01,  2.1634100311742056e-02,  1.0323509032730166e-02,  2.7856560833061754e-03
    70,  8.7534e+01, -1.2209883018273658e-01,  8.0748950808466696e-02,  2.0048701754349846e-01,  1.8506005509841261e-01,  1.6671237058351360e-01,  2.3516100767740411e-01,  2.1634100311742056e-02,  1.0323509032730166e-02,  2.7850680618506274e-03
    71,  8.7534e+01, -1.2209883018273658e-01,  8.0748950808466696e-02,  2.0048701754349846e-01,  1.8505905509841261e-01,  1.6671337058351360e-01,  2.3516100767740411e-01,  2.1634100311742056e-02,  1.0323509032730166e-02,  2.7866328167921615e-03
    72,  8.7534e+01, -1.2209883018273658e-01,  8.0748950808466696e-02,  2.0048701754349846e-01,  1.8505905509841261e-01,  1.6671237058351360e-01,  2.3516200767740411e-01,  2.1634100311742056e-02,  1.0323509032730166e-02,  2.7866370253081052e-03
    73,  8.7534e+01, -1.2209883018273658e-01,  8.0748950808466696e-02,  2.0048701754349846e-01,  1.8505905509841261e-01,  1.6671237058351360e-01,  2.3516100767740411e-01,  2.1635100311742057e-02,  1.0323509032730166e-02,  2.7869360074278967e-03
    74,  8.7534e+01, -1.2209883018273658e-01,  8.0748950808466696e-02,  2.0048701754349846e-01,  1.8505905509841261e-01,  1.6671237058351360e-01,  2.3516100767740411e-01,  2.1634100311742056e-02,  1.0324509032730165e-02,  2.7870727744202669e-03
    75,  9.0855e+01, -1.2626142086689524e-01,  8.2934212760588211e-02,  2.0310262313290028e-01,  1.8684406170052406e-01,  1.2094138123408481e-01,  1.8052170692842529e-01,  2.2223571976157867e-02,  1.0778814509754606e-02,  3.3016471768636940e-04
    76,  9.4157e+01, -1.2626142086689524e-01,  8.2934212760588211e-02,  2.0310262313290028e-01,  1.8684406170052406e-01,  1.2094138123408481e-01,  1.8052170692842529e-01,  2.2223571976157867e-02,  1.0778814509754606e-02,  3.3016471768636940e-04
    77,  9.4157e+01, -1.2626042086689523e-01,  8.2934212760588211e-02,  2.0310262313290028e-01,  1.8684406170052406e-01,  1.2094138123408481e-01,  1.8052170692842529e-01,  2.2223571976157867e-02,  1.0778814509754606e-02,  3.3018450129571758e-04
    78,  9.4157e+01, -1.2626142086689524e-01,  8.2935212760588212e-02,  2.0310262313290028e-01,  1.8684406170052406e-01,  1.2094138123408481e-01,  1.8052170692842529e-01,  2.2223571976157867e-02,  1.0778814509754606e-02,  3.3027700890381824e-04
    79,  9.4157e+01, -1.2626142086689524e-01,  8.2934212760588211e-02,  2.0310362313290029e-01,  1.8684406170052406e-01,  1.2094138123408481e-01,  1.8052170692842529e-01,  2.2223571976157867e-02,  1.0778814509754606e-02,  3.3013820527608460e-04
    80,  9.4157e+01, -1.2626142086689524e-01,  8.2934212760588211e-02,  2.0310262313290028e-01,  1.8684506170052406e-01,  1.2094138123408481e-01,  1.8052170692842529e-01,  2.2223571976157867e-02,  1.0778814509754606e-02,  3.3007205053056969e-04
    81,  9.4157e+01, -1.2626142086689524e-01,  8.2934212760588211e-02,  2.0310262313290028e-01,  1.8684406170052406e-01,  1.2094238123408481e-01,  1.8052170692842529e-01,  2.2223571976157867e-02,  1.0778814509754606e-02,  3.3016806310463544e-04
    82,  9.4157e+01, -1.2626142086689524e-01,  8.2934212760588211e-02,  2.0310262313290028e-01,  1.8684406170052406e-01,  1.2094138123408481e-01,  1.8052270692842529e-01,  2.2223571976157867e-02,  1.0778814509754606e-02,  3.3016844989780270e-04
    83,  9.4157e+01, -1.2626142086689524e-01,  8.2934212760588211e-02,  2.0310262313290028e-01,  1.8684406170052406e-01,  1.2094138123408481e-01,  1.8052170692842529e-01,  2.2224571976157868e-02,  1.0778814509754606e-02,  3.3021011410556072e-04
    84,  9.4157e+01, -1.2626142086689524e-01,  8.2934212760588211e-02,  2.0310262313290028e-01,  1.8684406170052406e-01,  1.2094138123408481e-01,  1.8052170692842529e-01,  2.2223571976157867e-02,  1.0779814509754605e-02,  3.3023218512274013e-04
    85,  9.7408e+01, -1.2468441391460802e-01,  8.4207802877366969e-02,  2.0230805914533068e-01,  1.8790541671359509e-01,  1.1646385585122765e-01,  1.7452852249938072e-01,  2.0641001923560533e-02,  1.0005525632497356e-02,  2.9573887350358401e-04
    86,  1.0069e+02, -1.2468441391460802e-01,  8.4207802877366969e-02,  2.0230805914533068e-01,  1.8790541671359509e-01,  1.1646385585122765e-01,  1.7452852249938072e-01,  2.0641001923560533e-02,  1.0005525632497356e-02,  2.9573887350358401e-04
    87,  1.0069e+02, -1.2468341391460802e-01,  8.4207802877366969e-02,  2.0230805914533068e-01,  1.8790541671359509e-01,  1.1646385585122765e-01,  1.7452852249938072e-01,  2.0641001923560533e-02,  1.0005525632497356e-02,  2.9574239033815344e-04
    88,  1.0069e+02, -1.2468441391460802e-01,  8.4208802877366970e-02,  2.0230805914533068e-01,  1.8790541671359509e-01,  1.1646385585122765e-01,  1.7452852249938072e-01,  2.0641001923560533e-02,  1.0005525632497356e-02,  2.9573120922657018e-04
    89,  1.0069e+02, -1.2468441391460802e-01,  8.4207802877366969e-02,  2.0230905914533068e-01,  1.8790541671359509e-01,  1.1646385585122765e-01,  1.7452852249938072e-01,  2.0641001923560533e-02,  1.0005525632497356e-02,  2.9574867062571590e-04
    90,  1.0069e+02, -1.2468441391460802e-01,  8.4207802877366969e-02,  2.0230805914533068e-01,  1.8790641671359509e-01,  1.1646385585122765e-01,  1.7452852249938072e-01,  2.0641001923560533e-02,  1.0005525632497356e-02,  2.9574866944727770e-04
    91,  1.0069e+02, -1.2468441391460802e-01,  8.4207802877366969e-02,  2.0230805914533068e-01,  1.8790541671359509e-01,  1.1646485585122765e-01,  1.7452852249938072e-01,  2.0641001923560533e-02,  1.0005525632497356e-02,  2.9573882121340173e-04
    92,  1.0069e+02, -1.2468441391460802e-01,  8.4207802877366969e-02,  2.0230805914533068e-01,  1.8790541671359509e-01,  1.1646385585122765e-01,  1.7452952249938072e-01,  2.0641001923560533e-02,  1.0005525632497356e-02,  2.9573893559066726e-04
    93,  1.0069e+02, -1.2468441391460802e-01,  8.4207802877366969e-02,  2.0230805914533068e-01,  1.8790541671359509e-01,  1.1646385585122765e-01,  1.7452852249938072e-01,  2.0642001923560534e-02,  1.0005525632497356e-02,  2.9573852963767848e-04
    94,  1.0069e+02, -1.2468441391460802e-01,  8.4207802877366969e-02,  2.0230805914533068e-01,  1.8790541671359509e-01,  1.1646385585122765e-01,  1.7452852249938072e-01,  2.0641001923560533e-02,  1.0006525632497355e-02,  2.9574064063521958e-04
    95,  1.0390e+02, -1.2144672110272366e-01,  8.7217254553414406e-02,  2.0001197057126341e-01,  1.9075445244406647e-01,  1.1763844811723061e-01,  1.6812385290554091e-01,  1.7699373814594650e-02,  9.2703944765377879e-03,  2.8885888819419605e-04
    96,  1.0714e+02, -1.2144672110272366e-01,  8.7217254553414406e-02,  2.0001197057126341e-01,  1.9075445244406647e-01,  1.1763844811723061e-01,  1.6812385290554091e-01,  1.7699373814594650e-02,  9.2703944765377879e-03,  2.8885888819419605e-04
    97,  1.0714e+02, -1.2144572110272366e-01,  8.7217254553414406e-02,  2.0001197057126341e-01,  1.9075445244406647e-01,  1.1763844811723061e-01,  1.6812385290554091e-01,  1.7699373814594650e-02,  9.2703944765377879e-03,  2.8886762658493552e-04
    98,  1.0714e+02, -1.2144672110272366e-01,  8.7218254553414407e-02,  2.0001197057126341e-01,  1.9075445244406647e-01,  1.1763844811723061e-01,  1.6812385290554091e-01,  1.7699373814594650e-02,  9.2703944765377879e-03,  2.8883287861775406e-04
    99,  1.0714e+02, -1.2144672110272366e-01,  8.7217254553414406e-02,  2.0001297057126341e-01,  1.9075445244406647e-01,  1.1763844811723061e-01,  1.6812385290554091e-01,  1.7699373814594650e-02,  9.2703944765377879e-03,  2.8888445228740392e-04
   100,  1.0714e+02, -1.2144672110272366e-01,  8.7217254553414406e-02,  2.0001197057126341e-01,  1.9075545244406647e-01,  1.1763844811723061e-01,  1.6812385290554091e-01,  1.7699373814594650e-02,  9.2703944765377879e-03,  2.8889037509812312e-04
   101,  1.0714e+02, -1.2144672110272366e-01,  8.7217254553414406e-02,  2.0001197057126341e-01,  1.9075445244406647e-01,  1.1763944811723061e-01,  1.6812385290554091e-01,  1.7699373814594650e-02,  9.2703944765377879e-03,  2.8885843362684159e-04
   102,  1.0714e+02, -1.2144672110272366e-01,  8.7217254553414406e-02,  2.0001197057126341e-01,  1.9075445244406647e-01,  1.1763844811723061e-01,  1.6812485290554091e-01,  1.7699373814594650e-02,  9.2703944765377879e-03,  2.8885892557622836e-04
   103,  1.0714e+02, -1.2144672110272366e-01,  8.7217254553414406e-02,  2.0001197057126341e-01,  1.9075445244406647e-01,  1.1763844811723061e-01,  1.6812385290554091e-01,  1.7700373814594651e-02,  9.2703944765377879e-03,  2.8885274297546742e-04
   104,  1.0714e+02, -1.2144672110272366e-01,  8.7217254553414406e-02,  2.0001197057126341e-01,  1.9075445244406647e-01,  1.1763844811723061e-01,  1.6812385290554091e-01,  1.7699373814594650e-02,  9.2713944765377872e-03,  2.8885958910603477e-04
   105,  1.1032e+02, -1.1840163560630504e-01,  9.0577562498319997e-02,  1.9675175469309775e-01,  1.9469349535198904e-01,  1.1903517927448315e-01,  1.6148801942650831e-01,  1.5443166912787330e-02,  8.8219738995379271e-03,  2.8170789809362883e-04
   106,  1.1354e+02, -1.1840163560630504e-01,  9.0577562498319997e-02,  1.9675175469309775e-01,  1.9469349535198904e-01,  1.1903517927448315e-01,  1.6148801942650831e-01,  1.5443166912787330e-02,  8.8219738995379271e-03,  2.8170789809362883e-04
   107,  1.1354e+02, -1.1840063560630504e-01,  9.0577562498319997e-02,  1.9675175469309775e-01,  1.9469349535198904e-01,  1.1903517927448315e-01,  1.6148801942650831e-01,  1.5443166912787330e-02,  8.8219738995379271e-03,  2.8170605101493615e-04
   108,  1.1354e+02, -1.1840163560630504e-01,  9.0578562498319998e-02,  1.9675175469309775e-01,  1.9469349535198904e-01,  1.1903517927448315e-01,  1.6148801942650831e-01,  1.5443166912787330e-02,  8.8219738995379271e-03,  2.8170321702815452e-04
   109,  1.1354e+02, -1.1840163560630504e-01,  9.0577562498319997e-02,  1.9675275469309775e-01,  1.9469349535198904e-01,  1.1903517927448315e-01,  1.6148801942650831e-01,  1.5443166912787330e-02,  8.8219738995379271e-03,  2.8170478226939582e-04
   110,  1.1354e+02, -1.1840163560630504e-01,  9.0577562498319997e-02,  1.9675175469309775e-01,  1.9469449535198904e-01,  1.1903517927448315e-01,  1.6148801942650831e-01,  1.5443166912787330e-02,  8.8219738995379271e-03,  2.8170722544454608e-04
   111,  1.1354e+02, -1.1840163560630504e-01,  9.0577562498319997e-02,  1.9675175469309775e-01,  1.9469349535198904e-01,  1.1903617927448315e-01,  1.6148801942650831e-01,  1.5443166912787330e-02,  8.8219738995379271e-03,  2.8170734779444956e-04
   112,  1.1354e+02, -1.1840163560630504e-01,  9.0577562498319997e-02,  1.9675175469309775e-01,  1.9469349535198904e-01,  1.1903517927448315e-01,  1.6148901942650831e-01,  1.5443166912787330e-02,  8.8219738995379271e-03,  2.8170780699528653e-04
   113,  1.1354e+02, -1.1840163560630504e-01,  9.0577562498319997e-02,  1.9675175469309775e-01,  1.9469349535198904e-01,  1.1903517927448315e-01,  1.6148801942650831e-01,  1.5444166912787329e-02,  8.8219738995379271e-03,  2.8170295022549751e-04
   114,  1.1354e+02, -1.1840163560630504e-01,  9.0577562498319997e-02,  1.9675175469309775e-01,  1.9469349535198904e-01,  1.1903517927448315e-01,  1.6148801942650831e-01,  1.5443166912787330e-02,  8.8229738995379264e-03,  2.8170775536794703e-04
   115,  1.1674e+02, -1.1570317987849851e-01,  9.4356418260902450e-02,  1.9191508781158820e-01,  2.0055050243248990e-01,  1.2055227866887949e-01,  1.5462813718618995e-01,  1.4275549083063190e-02,  9.1106736128533251e-03,  2.7904367000365643e-04
   116,  1.1997e+02, -1.1570317987849851e-01,  9.4356418260902450e-02,  1.9191508781158820e-01,  2.0055050243248990e-01,  1.2055227866887949e-01,  1.5462813718618995e-01,  1.4275549083063190e-02,  9.1106736128533251e-03,  2.7904367000365643e-04
   117,  1.1997e+02, -1.1570217987849851e-01,  9.4356418260902450e-02,  1.9191508781158820e-01,  2.0055050243248990e-01,  1.2055227866887949e-01,  1.5462813718618995e-01,  1.4275549083063190e-02,  9.1106736128533251e-03,  2.7901365260532952e-04
   118,  1.1997e+02, -1.1570317987849851e-01,  9.4357418260902451e-02,  1.9191508781158820e-01,  2.0055050243248990e-01,  1.2055227866887949e-01,  1.5462813718618995e-01,  1.4275549083063190e-02,  9.1106736128533251e-03,  2.7908931384787894e-04
   119,  1.1997e+02, -1.1570317987849851e-01,  9.4356418260902450e-02,  1.9191608781158820e-01,  2.0055050243248990e-01,  1.2055227866887949e-01,  1.5462813718618995e-01,  1.4275549083063190e-02,  9.1106736128533251e-03,  2.7896750792947238e-04
   120,  1.1997e+02, -1.1570317987849851e-01,  9.4356418260902450e-02,  1.9191508781158820e-01,  2.0055150243248990e-01,  1.2055227866887949e-01,  1.5462813718618995e-01,  1.4275549083063190e-02,  9.1106736128533251e-03,  2.7896697279882127e-04
   121,  1.1997e+02, -1.1570317987849851e-01,  9.4356418260902450e-02,  1.9191508781158820e-01,  2.0055050243248990e-01,  1.2055327866887949e-01,  1.5462813718618995e-01,  1.4275549083063190e-02,  9.1106736128533251e-03,  2.7904293534843251e-04
   122,  1.1997e+02, -1.1570317987849851e-01,  9.4356418260902450e-02,  1.9191508781158820e-01,  2.0055050243248990e-01,  1.2055227866887949e-01,  1.5462913718618995e-01,  1.4275549083063190e-02,  9.1106736128533251e-03,  2.7904335052385265e-04
   123,  1.1997e+02, -1.1570317987849851e-01,  9.4356418260902450e-02,  1.9191508781158820e-01,  2.0055050243248990e-01,  1.2055227866887949e-01,  1.5462813718618995e-01,  1.4276549083063189e-02,  9.1106736128533251e-03,  2.7904319423195119e-04
   124,  1.1997e+02, -1.1570317987849851e-01,  9.4356418260902450e-02,  1.9191508781158820e-01,  2.0055050243248990e-01,  1.2055227866887949e-01,  1.5462813718618995e-01,  1.4275549083063190e-02,  9.1116736128533243e-03,  2.7904317178913856e-04
   125,  1.2315e+02, -1.1461044563459515e-01,  9.6748001035207781e-02,  1.8890487733659422e-01,  2.0466691628227551e-01,  1.2148276063423434e-01,  1.5105375777171864e-01,  1.4111699803522138e-02,  9.6233535130612526e-03,  2.7326381651717347e-04
   126,  1.2637e+02, -1.1461044563459515e-01,  9.6748001035207781e-02,  1.8890487733659422e-01,  2.0466691628227551e-01,  1.2148276063423434e-01,  1.5105375777171864e-01,  1.4111699803522138e-02,  9.6233535130612526e-03,  2.7326381651717347e-04
   127,  1.2637e+02, -1.1460944563459514e-01,  9.6748001035207781e-02,  1.8890487733659422e-01,  2.0466691628227551e-01,  1.2148276063423434e-01,  1.5105375777171864e-01,  1.4111699803522138e-02,  9.6233535130612526e-03,  2.7324705422825444e-04
   128,  1.2637e+02, -1.1461044563459515e-01,  9.6749001035207782e-02,  1.8890487733659422e-01,  2.0466691628227551e-01,  1.2148276063423434e-01,  1.5105375777171864e-01,  1.4111699803522138e-02,  9.6233535130612526e-03,  2.7328970592435480e-04
   129,  1.2637e+02, -1.1461044563459515e-01,  9.6748001035207781e-02,  1.8890587733659422e-01,  2.0466691628227551e-01,  1.2148276063423434e-01,  1.5105375777171864e-01,  1.4111699803522138e-02,  9.6233535130612526e-03,  2.7322202205650690e-04
   130,  1.2637e+02, -1.1461044563459515e-01,  9.6748001035207781e-02,  1.8890487733659422e-01,  2.0466791628227551e-01,  1.2148276063423434e-01,  1.5105375777171864e-01,  1.4111699803522138e-02,  9.6233535130612526e-03,  2.7322252328810685e-04
   131,  1.2637e+02, -1.1461044563459515e-01,  9.6748001035207781e-02,  1.8890487733659422e-01,  2.0466691628227551e-01,  1.2148376063423434e-01,  1.5105375777171864e-01,  1.4111699803522138e-02,  9.6233535130612526e-03,  2.7326354904943346e-04
   132,  1.2637e+02, -1.1461044563459515e-01,  9.6748001035207781e-02,  1.8890487733659422e-01,  2.0466691628227551e-01,  1.2148276063423434e-01,  1.5105475777171865e-01,  1.4111699803522138e-02,  9.6233535130612526e-03,  2.7326366627164955e-04
   133,  1.2637e+02, -1.1461044563459515e-01,  9.6748001035207781e-02,  1.8890487733659422e-01,  2.0466691628227551e-01,  1.2148276063423434e-01,  1.5105375777171864e-01,  1.4112699803522137e-02,  9.6233535130612526e-03,  2.7326454542454733e-04
   134,  1.2637e+02, -1.1461044563459515e-01,  9.6748001035207781e-02,  1.8890487733659422e-01,  2.0466691628227551e-01,  1.2148276063423434e-01,  1.5105375777171864e-01,  1.4111699803522138e-02,  9.6243535130612519e-03,  2.7326335288600366e-04
   135,  1.2953e+02, -1.1393629187873211e-01,  9.8640985352579647e-02,  1.8613550958533204e-01,  2.0845648833142305e-01,  1.2221225549062253e-01,  1.4832982994703442e-01,  1.4358832501354286e-02,  1.0355565060836203e-02,  2.7132892383073092e-04
   136,  1.3273e+02, -1.1393629187873211e-01,  9.8640985352579647e-02,  1.8613550958533204e-01,  2.0845648833142305e-01,  1.2221225549062253e-01,  1.4832982994703442e-01,  1.4358832501354286e-02,  1.0355565060836203e-02,  2.7132892383073092e-04
   137,  1.3273e+02, -1.1393529187873211e-01,  9.8640985352579647e-02,  1.8613550958533204e-01,  2.0845648833142305e-01,  1.2221225549062253e-01,  1.4832982994703442e-01,  1.4358832501354286e-02,  1.0355565060836203e-02,  2.7131325006191027e-04
   138,  1.3273e+02, -1.1393629187873211e-01,  9.8641985352579648e-02,  1.8613550958533204e-01,  2.0845648833142305e-01,  1.2221225549062253e-01,  1.4832982994703442e-01,  1.4358832501354286e-02,  1.0355565060836203e-02,  2.7135359807153165e-04
   139,  1.3273e+02, -1.1393629187873211e-01,  9.8640985352579647e-02,  1.8613650958533204e-01,  2.0845648833142305e-01,  1.2221225549062253e-01,  1.4832982994703442e-01,  1.4358832501354286e-02,  1.0355565060836203e-02,  2.7128964663534322e-04
   140,  1.3273e+02, -1.1393629187873211e-01,  9.8640985352579647e-02,  1.8613550958533204e-01,  2.0845748833142305e-01,  1.2221225549062253e-01,  1.4832982994703442e-01,  1.4358832501354286e-02,  1.0355565060836203e-02,  2.7129099622115048e-04
   141,  1.3273e+02, -1.1393629187873211e-01,  9.8640985352579647e-02,  1.8613550958533204e-01,  2.0845648833142305e-01,  1.2221325549062254e-01,  1.4832982994703442e-01,  1.4358832501354286e-02,  1.0355565060836203e-02,  2.7132873885915494e-04
   142,  1.3273e+02, -1.1393629187873211e-01,  9.8640985352579647e-02,  1.8613550958533204e-01,  2.0845648833142305e-01,  1.2221225549062253e-01,  1.4833082994703442e-01,  1.4358832501354286e-02,  1.0355565060836203e-02,  2.7132880426744912e-04
   143,  1.3273e+02, -1.1393629187873211e-01,  9.8640985352579647e-02,  1.8613550958533204e-01,  2.0845648833142305e-01,  1.2221225549062253e-01,  1.4832982994703442e-01,  1.4359832501354286e-02,  1.0355565060836203e-02,  2.7133016767079572e-04
   144,  1.3273e+02, -1.1393629187873211e-01,  9.8640985352579647e-02,  1.8613550958533204e-01,  2.0845648833142305e-01,  1.2221225549062253e-01,  1.4832982994703442e-01,  1.4358832501354286e-02,  1.0356565060836202e-02,  2.7132853794501442e-04
   145,  1.3589e+02, -1.1362790352822853e-01,  9.9906196437850217e-02,  1.8427908560617492e-01,  2.1113233875612653e-01,  1.2268798516191795e-01,  1.4665994958672748e-01,  1.4661607863449951e-02,  1.0959031895584297e-02,  2.6982983467082223e-04
   146,  1.3908e+02, -1.1362790352822853e-01,  9.9906196437850217e-02,  1.8427908560617492e-01,  2.1113233875612653e-01,  1.2268798516191795e-01,  1.4665994958672748e-01,  1.4661607863449951e-02,  1.0959031895584297e-02,  2.6982983467082223e-04
   147,  1.3908e+02, -1.1362690352822853e-01,  9.9906196437850217e-02,  1.8427908560617492e-01,  2.1113233875612653e-01,  1.2268798516191795e-01,  1.4665994958672748e-01,  1.4661607863449951e-02,  1.0959031895584297e-02,  2.6982214163701382e-04
   148,  1.3908e+02, -1.1362790352822853e-01,  9.9907196437850218e-02,  1.8427908560617492e-01,  2.1113233875612653e-01,  1.2268798516191795e-01,  1.4665994958672748e-01,  1.4661607863449951e-02,  1.0959031895584297e-02,  2.6984186737863159e-04
   149,  1.3908e+02, -1.1362790352822853e-01,  9.9906196437850217e-02,  1.8428008560617493e-01,  2.1113233875612653e-01,  1.2268798516191795e-01,  1.4665994958672748e-01,  1.4661607863449951e-02,  1.0959031895584297e-02,  2.6981072864903341e-04
   150,  1.3908e+02, -1.1362790352822853e-01,  9.9906196437850217e-02,  1.8427908560617492e-01,  2.1113333875612653e-01,  1.2268798516191795e-01,  1.4665994958672748e-01,  1.4661607863449951e-02,  1.0959031895584297e-02,  2.6981179978311702e-04
   151,  1.3908e+02, -1.1362790352822853e-01,  9.9906196437850217e-02,  1.8427908560617492e-01,  2.1113233875612653e-01,  1.2268898516191795e-01,  1.4665994958672748e-01,  1.4661607863449951e-02,  1.0959031895584297e-02,  2.6982975016559698e-04
   152,  1.3908e+02, -1.1362790352822853e-01,  9.9906196437850217e-02,  1.8427908560617492e-01,  2.1113233875612653e-01,  1.2268798516191795e-01,  1.4666094958672748e-01,  1.4661607863449951e-02,  1.0959031895584297e-02,  2.6982977640465863e-04
   153,  1.3908e+02, -1.1362790352822853e-01,  9.9906196437850217e-02,  1.8427908560617492e-01,  2.1113233875612653e-01,  1.2268798516191795e-01,  1.4665994958672748e-01,  1.4662607863449950e-02,  1.0959031895584297e-02,  2.6983038113274194e-04
   154,  1.3908e+02, -1.1362790352822853e-01,  9.9906196437850217e-02,  1.8427908560617492e-01,  2.1113233875612653e-01,  1.2268798516191795e-01,  1.4665994958672748e-01,  1.4661607863449951e-02,  1.0960031895584296e-02,  2.6982960258284150e-04
   155,  1.4224e+02, -1.1343618740320559e-01,  1.0092815137500426e-01,  1.8273464142498638e-01,  2.1338944019656200e-01,  1.2305916680643342e-01,  1.4538744621746683e-01,  1.4985705653207518e-02,  1.1509428532887644e-02,  2.6928670591394761e-04
   156,  1.4552e+02, -1.1343618740320559e-01,  1.0092815137500426e-01,  1.8273464142498638e-01,  2.1338944019656200e-01,  1.2305916680643342e-01,  1.4538744621746683e-01,  1.4985705653207518e-02,  1.1509428532887644e-02,  2.6928670591394761e-04
   157,  1.4552e+02, -1.1343518740320559e-01,  1.0092815137500426e-01,  1.8273464142498638e-01,  2.1338944019656200e-01,  1.2305916680643342e-01,  1.4538744621746683e-01,  1.4985705653207518e-02,  1.1509428532887644e-02,  2.6928126259978877e-04
   158,  1.4552e+02, -1.1343618740320559e-01,  1.0092915137500426e-01,  1.8273464142498638e-01,  2.1338944019656200e-01,  1.2305916680643342e-01,  1.4538744621746683e-01,  1.4985705653207518e-02,  1.1509428532887644e-02,  2.6929542667060766e-04
   159,  1.4552e+02, -1.1343618740320559e-01,  1.0092815137500426e-01,  1.8273564142498638e-01,  2.1338944019656200e-01,  1.2305916680643342e-01,  1.4538744621746683e-01,  1.4985705653207518e-02,  1.1509428532887644e-02,  2.6927317570659906e-04
   160,  1.4552e+02, -1.1343618740320559e-01,  1.0092815137500426e-01,  1.8273464142498638e-01,  2.1339044019656200e-01,  1.2305916680643342e-01,  1.4538744621746683e-01,  1.4985705653207518e-02,  1.1509428532887644e-02,  2.6927411758541564e-04
   161,  1.4552e+02, -1.1343618740320559e-01,  1.0092815137500426e-01,  1.8273464142498638e-01,  2.1338944019656200e-01,  1.2306016680643342e-01,  1.4538744621746683e-01,  1.4985705653207518e-02,  1.1509428532887644e-02,  2.6928665613358077e-04
   162,  1.4552e+02, -1.1343618740320559e-01,  1.0092815137500426e-01,  1.8273464142498638e-01,  2.1338944019656200e-01,  1.2305916680643342e-01,  1.4538844621746683e-01,  1.4985705653207518e-02,  1.1509428532887644e-02,  2.6928667000639914e-04
   163,  1.4552e+02, -1.1343618740320559e-01,  1.0092815137500426e-01,  1.8273464142498638e-01,  2.1338944019656200e-01,  1.2305916680643342e-01,  1.4538744621746683e-01,  1.4986705653207517e-02,  1.1509428532887644e-02,  2.6928720403435907e-04
   164,  1.4552e+02, -1.1343618740320559e-01,  1.0092815137500426e-01,  1.8273464142498638e-01,  2.1338944019656200e-01,  1.2305916680643342e-01,  1.4538744621746683e-01,  1.4985705653207518e-02,  1.1510428532887643e-02,  2.6928651734364420e-04
   165,  1.4864e+02, -1.1340930346997422e-01,  1.0156320872655485e-01,  1.8164937704393413e-01,  2.1499296630787032e-01,  1.2329417851434989e-01,  1.4463541209739661e-01,  1.5336884088490000e-02,  1.1980446740919356e-02,  2.6901558622443775e-04
   166,  1.5180e+02, -1.1340930346997422e-01,  1.0156320872655485e-01,  1.8164937704393413e-01,  2.1499296630787032e-01,  1.2329417851434989e-01,  1.4463541209739661e-01,  1.5336884088490000e-02,  1.1980446740919356e-02,  2.6901558622443775e-04
   167,  1.5180e+02, -1.1340830346997421e-01,  1.0156320872655485e-01,  1.8164937704393413e-01,  2.1499296630787032e-01,  1.2329417851434989e-01,  1.4463541209739661e-01,  1.5336884088490000e-02,  1.1980446740919356e-02,  2.6901289522940878e-04
   168,  1.5180e+02, -1.1340930346997422e-01,  1.0156420872655485e-01,  1.8164937704393413e-01,  2.1499296630787032e-01,  1.2329417851434989e-01,  1.4463541209739661e-01,  1.5336884088490000e-02,  1.1980446740919356e-02,  2.6902011074366648e-04
   169,  1.5180e+02, -1.1340930346997422e-01,  1.0156320872655485e-01,  1.8165037704393414e-01,  2.1499296630787032e-01,  1.2329417851434989e-01,  1.4463541209739661e-01,  1.5336884088490000e-02,  1.1980446740919356e-02,  2.6900898331730833e-04
   170,  1.5180e+02, -1.1340930346997422e-01,  1.0156320872655485e-01,  1.8164937704393413e-01,  2.1499396630787032e-01,  1.2329417851434989e-01,  1.4463541209739661e-01,  1.5336884088490000e-02,  1.1980446740919356e-02,  2.6900950753908093e-04
   171,  1.5180e+02, -1.1340930346997422e-01,  1.0156320872655485e-01,  1.8164937704393413e-01,  2.1499296630787032e-01,  1.2329517851434989e-01,  1.4463541209739661e-01,  1.5336884088490000e-02,  1.1980446740919356e-02,  2.6901556496072138e-04
   172,  1.5180e+02, -1.1340930346997422e-01,  1.0156320872655485e-01,  1.8164937704393413e-01,  2.1499296630787032e-01,  1.2329417851434989e-01,  1.4463641209739661e-01,  1.5336884088490000e-02,  1.1980446740919356e-02,  2.6901556903997052e-04
   173,  1.5180e+02, -1.1340930346997422e-01,  1.0156320872655485e-01,  1.8164937704393413e-01,  2.1499296630787032e-01,  1.2329417851434989e-01,  1.4463541209739661e-01,  1.5337884088490000e-02,  1.1980446740919356e-02,  2.6901587470663248e-04
   174,  1.5180e+02, -1.1340930346997422e-01,  1.0156320872655485e-01,  1.8164937704393413e-01,  2.1499296630787032e-01,  1.2329417851434989e-01,  1.4463541209739661e-01,  1.5336884088490000e-02,  1.1981446740919355e-02,  2.6901549908563192e-04
   175,  1.5493e+02, -1.1337879033660010e-01,  1.0205750926553647e-01,  1.8084848344681137e-01,  2.1619645520466416e-01,  1.2347563453957765e-01,  1.4406554396717089e-01,  1.5580203445545695e-02,  1.2322057152093471e-02,  2.6892198856619400e-04
   176,  1.5809e+02, -1.1337879033660010e-01,  1.0205750926553647e-01,  1.8084848344681137e-01,  2.1619645520466416e-01,  1.2347563453957765e-01,  1.4406554396717089e-01,  1.5580203445545695e-02,  1.2322057152093471e-02,  2.6892198856619400e-04
   177,  1.5809e+02, -1.1337779033660010e-01,  1.0205750926553647e-01,  1.8084848344681137e-01,  2.1619645520466416e-01,  1.2347563453957765e-01,  1.4406554396717089e-01,  1.5580203445545695e-02,  1.2322057152093471e-02,  2.6892053526220757e-04
   178,  1.5809e+02, -1.1337879033660010e-01,  1.0205850926553647e-01,  1.8084848344681137e-01,  2.1619645520466416e-01,  1.2347563453957765e-01,  1.4406554396717089e-01,  1.5580203445545695e-02,  1.2322057152093471e-02,  2.6892457999653314e-04
   179,  1.5809e+02, -1.1337879033660010e-01,  1.0205750926553647e-01,  1.8084948344681137e-01,  2.1619645520466416e-01,  1.2347563453957765e-01,  1.4406554396717089e-01,  1.5580203445545695e-02,  1.2322057152093471e-02,  2.6891851233721800e-04
   180,  1.5809e+02, -1.1337879033660010e-01,  1.0205750926553647e-01,  1.8084848344681137e-01,  2.1619745520466416e-01,  1.2347563453957765e-01,  1.4406554396717089e-01,  1.5580203445545695e-02,  1.2322057152093471e-02,  2.6891885274758673e-04
   181,  1.5809e+02, -1.1337879033660010e-01,  1.0205750926553647e-01,  1.8084848344681137e-01,  2.1619645520466416e-01,  1.2347663453957765e-01,  1.4406554396717089e-01,  1.5580203445545695e-02,  1.2322057152093471e-02,  2.6892197689069804e-04
   182,  1.5809e+02, -1.1337879033660010e-01,  1.0205750926553647e-01,  1.8084848344681137e-01,  2.1619645520466416e-01,  1.2347563453957765e-01,  1.4406654396717089e-01,  1.5580203445545695e-02,  1.2322057152093471e-02,  2.6892197780925157e-04
   183,  1.5809e+02, -1.1337879033660010e-01,  1.0205750926553647e-01,  1.8084848344681137e-01,  2.1619645520466416e-01,  1.2347563453957765e-01,  1.4406554396717089e-01,  1.5581203445545694e-02,  1.2322057152093471e-02,  2.6892216149068492e-04
   184,  1.5809e+02, -1.1337879033660010e-01,  1.0205750926553647e-01,  1.8084848344681137e-01,  2.1619645520466416e-01,  1.2347563453957765e-01,  1.4406554396717089e-01,  1.5580203445545695e-02,  1.2323057152093470e-02,  2.6892193556936323e-04
   185,  1.6123e+02, -1.1330461200048778e-01,  1.0239564930437559e-01,  1.8044410896551158e-01,  2.1684069219171681e-01,  1.2358954698355640e-01,  1.4366843035104140e-01,  1.5623838017026426e-02,  1.2451755676722175e-02,  2.6890003864284368e-04
   186,  1.6444e+02, -1.1330461200048778e-01,  1.0239564930437559e-01,  1.8044410896551158e-01,  2.1684069219171681e-01,  1.2358954698355640e-01,  1.4366843035104140e-01,  1.5623838017026426e-02,  1.2451755676722175e-02,  2.6890003864284368e-04
   187,  1.6444e+02, -1.1330361200048777e-01,  1.0239564930437559e-01,  1.8044410896551158e-01,  2.1684069219171681e-01,  1.2358954698355640e-01,  1.4366843035104140e-01,  1.5623838017026426e-02,  1.2451755676722175e-02,  2.6889974226008945e-04
   188,  1.6444e+02, -1.1330461200048778e-01,  1.0239664930437559e-01,  1.8044410896551158e-01,  2.1684069219171681e-01,  1.2358954698355640e-01,  1.4366843035104140e-01,  1.5623838017026426e-02,  1.2451755676722175e-02,  2.6890090950684763e-04
   189,  1.6444e+02, -1.1330461200048778e-01,  1.0239564930437559e-01,  1.8044510896551158e-01,  2.1684069219171681e-01,  1.2358954698355640e-01,  1.4366843035104140e-01,  1.5623838017026426e-02,  1.2451755676722175e-02,  2.6889948492199136e-04
   190,  1.6444e+02, -1.1330461200048778e-01,  1.0239564930437559e-01,  1.8044410896551158e-01,  2.1684169219171681e-01,  1.2358954698355640e-01,  1.4366843035104140e-01,  1.5623838017026426e-02,  1.2451755676722175e-02,  2.6889954861018610e-04
   191,  1.6444e+02, -1.1330461200048778e-01,  1.0239564930437559e-01,  1.8044410896551158e-01,  2.1684069219171681e-01,  1.2359054698355640e-01,  1.4366843035104140e-01,  1.5623838017026426e-02,  1.2451755676722175e-02,  2.6890003646133556e-04
   192,  1.6444e+02, -1.1330461200048778e-01,  1.0239564930437559e-01,  1.8044410896551158e-01,  2.1684069219171681e-01,  1.2358954698355640e-01,  1.4366943035104141e-01,  1.5623838017026426e-02,  1.2451755676722175e-02,  2.6890003755000177e-04
   193,  1.6444e+02, -1.1330461200048778e-01,  1.0239564930437559e-01,  1.8044410896551158e-01,  2.1684069219171681e-01,  1.2358954698355640e-01,  1.4366843035104140e-01,  1.5624838017026426e-02,  1.2451755676722175e-02,  2.6890012662071362e-04
   194,  1.6444e+02, -1.1330461200048778e-01,  1.0239564930437559e-01,  1.8044410896551158e-01,  2.1684069219171681e-01,  1.2358954698355640e-01,  1.4366843035104140e-01,  1.5623838017026426e-02,  1.2452755676722174e-02,  2.6890005239067289e-04
   195,  1.6758e+02, -1.1330471771283587e-01,  1.0249902569683914e-01,  1.8027248319673561e-01,  2.1710238539808444e-01,  1.2362600737844244e-01,  1.4354947297831414e-01,  1.5682956389406068e-02,  1.2530493319904771e-02,  2.6889692549554611e-04
   196,  1.7077e+02, -1.1330471771283587e-01,  1.0249902569683914e-01,  1.8027248319673561e-01,  2.1710238539808444e-01,  1.2362600737844244e-01,  1.4354947297831414e-01,  1.5682956389406068e-02,  1.2530493319904771e-02,  2.6889692549554611e-04
   197,  1.7077e+02, -1.1330371771283587e-01,  1.0249902569683914e-01,  1.8027248319673561e-01,  2.1710238539808444e-01,  1.2362600737844244e-01,  1.4354947297831414e-01,  1.5682956389406068e-02,  1.2530493319904771e-02,  2.6889697718357849e-04
   198,  1.7077e+02, -1.1330471771283587e-01,  1.0250002569683914e-01,  1.8027248319673561e-01,  2.1710238539808444e-01,  1.2362600737844244e-01,  1.4354947297831414e-01,  1.5682956389406068e-02,  1.2530493319904771e-02,  2.6889729217715073e-04
   199,  1.7077e+02, -1.1330471771283587e-01,  1.0249902569683914e-01,  1.8027348319673561e-01,  2.1710238539808444e-01,  1.2362600737844244e-01,  1.4354947297831414e-01,  1.5682956389406068e-02,  1.2530493319904771e-02,  2.6889723131840257e-04
   200,  1.7077e+02, -1.1330471771283587e-01,  1.0249902569683914e-01,  1.8027248319673561e-01,  2.1710338539808444e-01,  1.2362600737844244e-01,  1.4354947297831414e-01,  1.5682956389406068e-02,  1.2530493319904771e-02,  2.6889720922076120e-04
   201,  1.7077e+02, -1.1330471771283587e-01,  1.0249902569683914e-01,  1.8027248319673561e-01,  2.1710238539808444e-01,  1.2362700737844244e-01,  1.4354947297831414e-01,  1.5682956389406068e-02,  1.2530493319904771e-02,  2.6889692595011424e-04
   202,  1.7077e+02, -1.1330471771283587e-01,  1.0249902569683914e-01,  1.8027248319673561e-01,  2.1710238539808444e-01,  1.2362600737844244e-01,  1.4355047297831414e-01,  1.5682956389406068e-02,  1.2530493319904771e-02,  2.6889692538175687e-04
   203,  1.7077e+02, -1.1330471771283587e-01,  1.0249902569683914e-01,  1.8027248319673561e-01,  2.1710238539808444e-01,  1.2362600737844244e-01,  1.4354947297831414e-01,  1.5683956389406069e-02,  1.2530493319904771e-02,  2.6889699585594466e-04
   204,  1.7077e+02, -1.1330471771283587e-01,  1.0249902569683914e-01,  1.8027248319673561e-01,  2.1710238539808444e-01,  1.2362600737844244e-01,  1.4354947297831414e-01,  1.5682956389406068e-02,  1.2531493319904771e-02,  2.6889696556354846e-04
   205,  1.7391e+02, -1.1330131608455825e-01,  1.0252592315591426e-01,  1.8023659631183708e-01,  2.1715910476593522e-01,  1.2363147339140687e-01,  1.4351825674538030e-01,  1.5690764522099044e-02,  1.2544218394119762e-02,  2.6889678919526314e-04
   206,  1.7709e+02, -1.1330131608455825e-01,  1.0252592315591426e-01,  1.8023659631183708e-01,  2.1715910476593522e-01,  1.2363147339140687e-01,  1.4351825674538030e-01,  1.5690764522099044e-02,  1.2544218394119762e-02,  2.6889678919526314e-04
   207,  1.7709e+02, -1.1330031608455825e-01,  1.0252592315591426e-01,  1.8023659631183708e-01,  2.1715910476593522e-01,  1.2363147339140687e-01,  1.4351825674538030e-01,  1.5690764522099044e-02,  1.2544218394119762e-02,  2.6889692127954334e-04
   208,  1.7709e+02, -1.1330131608455825e-01,  1.0252692315591426e-01,  1.8023659631183708e-01,  2.1715910476593522e-01,  1.2363147339140687e-01,  1.4351825674538030e-01,  1.5690764522099044e-02,  1.2544218394119762e-02,  2.6889706083799429e-04
   209,  1.7709e+02, -1.1330131608455825e-01,  1.0252592315591426e-01,  1.8023759631183708e-01,  2.1715910476593522e-01,  1.2363147339140687e-01,  1.4351825674538030e-01,  1.5690764522099044e-02,  1.2544218394119762e-02,  2.6889727928233151e-04
   210,  1.7709e+02, -1.1330131608455825e-01,  1.0252592315591426e-01,  1.8023659631183708e-01,  2.1716010476593522e-01,  1.2363147339140687e-01,  1.4351825674538030e-01,  1.5690764522099044e-02,  1.2544218394119762e-02,  2.6889722908012437e-04
   211,  1.7709e+02, -1.1330131608455825e-01,  1.0252592315591426e-01,  1.8023659631183708e-01,  2.1715910476593522e-01,  1.2363247339140687e-01,  1.4351825674538030e-01,  1.5690764522099044e-02,  1.2544218394119762e-02,  2.6889678955365495e-04
   212,  1.7709e+02, -1.1330131608455825e-01,  1.0252592315591426e-01,  1.8023659631183708e-01,  2.1715910476593522e-01,  1.2363147339140687e-01,  1.4351925674538030e-01,  1.5690764522099044e-02,  1.2544218394119762e-02,  2.6889678942145309e-04
   213,  1.7709e+02, -1.1330131608455825e-01,  1.0252592315591426e-01,  1.8023659631183708e-01,  2.1715910476593522e-01,  1.2363147339140687e-01,  1.4351825674538030e-01,  1.5691764522099045e-02,  1.2544218394119762e-02,  2.6889686598026240e-04
   214,  1.7709e+02, -1.1330131608455825e-01,  1.0252592315591426e-01,  1.8023659631183708e-01,  2.1715910476593522e-01,  1.2363147339140687e-01,  1.4351825674538030e-01,  1.5690764522099044e-02,  1.2545218394119761e-02,  2.6889684109535371e-04
   215,  1.8023e+02, -1.1330019727580735e-01,  1.0253292126694941e-01,  1.8022743887794951e-01,  2.1717350775941310e-01,  1.2363349497056705e-01,  1.4351006766056590e-01,  1.5692464055034338e-02,  1.2547554347380778e-02,  2.6889678273330495e-04
   216,  1.8341e+02, -1.1330019727580735e-01,  1.0253292126694941e-01,  1.8022743887794951e-01,  2.1717350775941310e-01,  1.2363349497056705e-01,  1.4351006766056590e-01,  1.5692464055034338e-02,  1.2547554347380778e-02,  2.6889678273330495e-04
   217,  1.8341e+02, -1.1329919727580735e-01,  1.0253292126694941e-01,  1.8022743887794951e-01,  2.1717350775941310e-01,  1.2363349497056705e-01,  1.4351006766056590e-01,  1.5692464055034338e-02,  1.2547554347380778e-02,  2.6889691874066126e-04
   218,  1.8341e+02, -1.1330019727580735e-01,  1.0253392126694941e-01,  1.8022743887794951e-01,  2.1717350775941310e-01,  1.2363349497056705e-01,  1.4351006766056590e-01,  1.5692464055034338e-02,  1.2547554347380778e-02,  2.6889705120261499e-04
   219,  1.8341e+02, -1.1330019727580735e-01,  1.0253292126694941e-01,  1.8022843887794951e-01,  2.1717350775941310e-01,  1.2363349497056705e-01,  1.4351006766056590e-01,  1.5692464055034338e-02,  1.2547554347380778e-02,  2.6889728139605070e-04
   220,  1.8341e+02, -1.1330019727580735e-01,  1.0253292126694941e-01,  1.8022743887794951e-01,  2.1717450775941310e-01,  1.2363349497056705e-01,  1.4351006766056590e-01,  1.5692464055034338e-02,  1.2547554347380778e-02,  2.6889722951505132e-04
   221,  1.8341e+02, -1.1330019727580735e-01,  1.0253292126694941e-01,  1.8022743887794951e-01,  2.1717350775941310e-01,  1.2363449497056705e-01,  1.4351006766056590e-01,  1.5692464055034338e-02,  1.2547554347380778e-02,  2.6889678305005830e-04
   222,  1.8341e+02, -1.1330019727580735e-01,  1.0253292126694941e-01,  1.8022743887794951e-01,  2.1717350775941310e-01,  1.2363349497056705e-01,  1.4351106766056590e-01,  1.5692464055034338e-02,  1.2547554347380778e-02,  2.6889678301422314e-04
   223,  1.8341e+02, -1.1330019727580735e-01,  1.0253292126694941e-01,  1.8022743887794951e-01,  2.1717350775941310e-01,  1.2363349497056705e-01,  1.4351006766056590e-01,  1.5693464055034339e-02,  1.2547554347380778e-02,  2.6889686020285802e-04
   224,  1.8341e+02, -1.1330019727580735e-01,  1.0253292126694941e-01,  1.8022743887794951e-01,  2.1717350775941310e-01,  1.2363349497056705e-01,  1.4351006766056590e-01,  1.5692464055034338e-02,  1.2548554347380777e-02,  2.6889683590857280e-04
   225,  1.8654e+02, -1.1330073630805715e-01,  1.0253357745578306e-01,  1.8022527133612837e-01,  2.1717662386929298e-01,  1.2363356982695939e-01,  1.4350934699233669e-01,  1.5693885797139921e-02,  1.2548937015888616e-02,  2.6889678251998915e-04
   226,  1.8972e+02, -1.1330073630805715e-01,  1.0253357745578306e-01,  1.8022527133612837e-01,  2.1717662386929298e-01,  1.2363356982695939e-01,  1.4350934699233669e-01,  1.5693885797139921e-02,  1.2548937015888616e-02,  2.6889678251998915e-04
   227,  1.8972e+02, -1.1329973630805715e-01,  1.0253357745578306e-01,  1.8022527133612837e-01,  2.1717662386929298e-01,  1.2363356982695939e-01,  1.4350934699233669e-01,  1.5693885797139921e-02,  1.2548937015888616e-02,  2.6889691871912098e-04
   228,  1.8972e+02, -1.1330073630805715e-01,  1.0253457745578307e-01,  1.8022527133612837e-01,  2.1717662386929298e-01,  1.2363356982695939e-01,  1.4350934699233669e-01,  1.5693885797139921e-02,  1.2548937015888616e-02,  2.6889705091303115e-04
   229,  1.8972e+02, -1.1330073630805715e-01,  1.0253357745578306e-01,  1.8022627133612837e-01,  2.1717662386929298e-01,  1.2363356982695939e-01,  1.4350934699233669e-01,  1.5693885797139921e-02,  1.2548937015888616e-02,  2.6889728177355722e-04
   230,  1.8972e+02, -1.1330073630805715e-01,  1.0253357745578306e-01,  1.8022527133612837e-01,  2.1717762386929299e-01,  1.2363356982695939e-01,  1.4350934699233669e-01,  1.5693885797139921e-02,  1.2548937015888616e-02,  2.6889722973172039e-04
   231,  1.8972e+02, -1.1330073630805715e-01,  1.0253357745578306e-01,  1.8022527133612837e-01,  2.1717662386929298e-01,  1.2363456982695939e-01,  1.4350934699233669e-01,  1.5693885797139921e-02,  1.2548937015888616e-02,  2.6889678278101608e-04
   232,  1.8972e+02, -1.1330073630805715e-01,  1.0253357745578306e-01,  1.8022527133612837e-01,  2.1717662386929298e-01,  1.2363356982695939e-01,  1.4351034699233670e-01,  1.5693885797139921e-02,  1.2548937015888616e-02,  2.6889678276758856e-04
   233,  1.8972e+02, -1.1330073630805715e-01,  1.0253357745578306e-01,  1.8022527133612837e-01,  2.1717662386929298e-01,  1.2363356982695939e-01,  1.4350934699233669e-01,  1.5694885797139922e-02,  1.2548937015888616e-02,  2.6889686012326224e-04
   234,  1.8972e+02, -1.1330073630805715e-01,  1.0253357745578306e-01,  1.8022527133612837e-01,  2.1717662386929298e-01,  1.2363356982695939e-01,  1.4350934699233669e-01,  1.5693885797139921e-02,  1.2549937015888616e-02,  2.6889683592038588e-04
   235,  1.9294e+02, -1.1330078068224969e-01,  1.0253370961673169e-01,  1.8022495306187131e-01,  2.1717708882718928e-01,  1.2363364554610087e-01,  1.4350920384771532e-01,  1.5694051293659677e-02,  1.2549117771520145e-02,  2.6889678251462246e-04
   236,  1.9614e+02, -1.1330078068224969e-01,  1.0253370961673169e-01,  1.8022495306187131e-01,  2.1717708882718928e-01,  1.2363364554610087e-01,  1.4350920384771532e-01,  1.5694051293659677e-02,  1.2549117771520145e-02,  2.6889678251462246e-04
   237,  1.9614e+02, -1.1329978068224969e-01,  1.0253370961673169e-01,  1.8022495306187131e-01,  2.1717708882718928e-01,  1.2363364554610087e-01,  1.4350920384771532e-01,  1.5694051293659677e-02,  1.2549117771520145e-02,  2.6889691878644490e-04
   238,  1.9614e+02, -1.1330078068224969e-01,  1.0253470961673170e-01,  1.8022495306187131e-01,  2.1717708882718928e-01,  1.2363364554610087e-01,  1.4350920384771532e-01,  1.5694051293659677e-02,  1.2549117771520145e-02,  2.6889705098199828e-04
   239,  1.9614e+02, -1.1330078068224969e-01,  1.0253370961673169e-01,  1.8022595306187131e-01,  2.1717708882718928e-01,  1.2363364554610087e-01,  1.4350920384771532e-01,  1.5694051293659677e-02,  1.2549117771520145e-02,  2.6889728187838048e-04
   240,  1.9614e+02, -1.1330078068224969e-01,  1.0253370961673169e-01,  1.8022495306187131e-01,  2.1717808882718928e-01,  1.2363364554610087e-01,  1.4350920384771532e-01,  1.5694051293659677e-02,  1.2549117771520145e-02,  2.6889722975654987e-04
   241,  1.9614e+02, -1.1330078068224969e-01,  1.0253370961673169e-01,  1.8022495306187131e-01,  2.1717708882718928e-01,  1.2363464554610087e-01,  1.4350920384771532e-01,  1.5694051293659677e-02,  1.2549117771520145e-02,  2.6889678279879147e-04
   242,  1.9614e+02, -1.1330078068224969e-01,  1.0253370961673169e-01,  1.8022495306187131e-01,  2.1717708882718928e-01,  1.2363364554610087e-01,  1.4351020384771532e-01,  1.5694051293659677e-02,  1.2549117771520145e-02,  2.6889678279479130e-04
   243,  1.9614e+02, -1.1330078068224969e-01,  1.0253370961673169e-01,  1.8022495306187131e-01,  2.1717708882718928e-01,  1.2363364554610087e-01,  1.4350920384771532e-01,  1.5695051293659678e-02,  1.2549117771520145e-02,  2.6889686015411273e-04
   244,  1.9614e+02, -1.1330078068224969e-01,  1.0253370961673169e-01,  1.8022495306187131e-01,  2.1717708882718928e-01,  1.2363364554610087e-01,  1.4350920384771532e-01,  1.5694051293659677e-02,  1.2550117771520144e-02,  2.6889683609027668e-04
   245,  1.9928e+02, -1.1330054783510596e-01,  1.0253385378995050e-01,  1.8022525408416148e-01,  2.1717673981265015e-01,  1.2363360289255065e-01,  1.4350886592692078e-01,  1.5693637224565560e-02,  1.2548808323024319e-02,  2.6889678251161114e-04
   246,  2.0247e+02, -1.1330054783510596e-01,  1.0253385378995050e-01,  1.8022525408416148e-01,  2.1717673981265015e-01,  1.2363360289255065e-01,  1.4350886592692078e-01,  1.5693637224565560e-02,  1.2548808323024319e-02,  2.6889678251161114e-04
   247,  2.0247e+02, -1.1329954783510596e-01,  1.0253385378995050e-01,  1.8022525408416148e-01,  2.1717673981265015e-01,  1.2363360289255065e-01,  1.4350886592692078e-01,  1.5693637224565560e-02,  1.2548808323024319e-02,  2.6889691877478056e-04
   248,  2.0247e+02, -1.1330054783510596e-01,  1.0253485378995050e-01,  1.8022525408416148e-01,  2.1717673981265015e-01,  1.2363360289255065e-01,  1.4350886592692078e-01,  1.5693637224565560e-02,  1.2548808323024319e-02,  2.6889705099593402e-04
   249,  2.0247e+02, -1.1330054783510596e-01,  1.0253385378995050e-01,  1.8022625408416149e-01,  2.1717673981265015e-01,  1.2363360289255065e-01,  1.4350886592692078e-01,  1.5693637224565560e-02,  1.2548808323024319e-02,  2.6889728187965898e-04
   250,  2.0247e+02, -1.1330054783510596e-01,  1.0253385378995050e-01,  1.8022525408416148e-01,  2.1717773981265015e-01,  1.2363360289255065e-01,  1.4350886592692078e-01,  1.5693637224565560e-02,  1.2548808323024319e-02,  2.6889722971464762e-04
   251,  2.0247e+02, -1.1330054783510596e-01,  1.0253385378995050e-01,  1.8022525408416148e-01,  2.1717673981265015e-01,  1.2363460289255065e-01,  1.4350886592692078e-01,  1.5693637224565560e-02,  1.2548808323024319e-02,  2.6889678277431062e-04
   252,  2.0247e+02, -1.1330054783510596e-01,  1.0253385378995050e-01,  1.8022525408416148e-01,  2.1717673981265015e-01,  1.2363360289255065e-01,  1.4350986592692078e-01,  1.5693637224565560e-02,  1.2548808323024319e-02,  2.6889678276728531e-04
   253,  2.0247e+02, -1.1330054783510596e-01,  1.0253385378995050e-01,  1.8022525408416148e-01,  2.1717673981265015e-01,  1.2363360289255065e-01,  1.4350886592692078e-01,  1.5694637224565561e-02,  1.2548808323024319e-02,  2.6889686013608694e-04
   254,  2.0247e+02, -1.1330054783510596e-01,  1.0253385378995050e-01,  1.8022525408416148e-01,  2.1717673981265015e-01,  1.2363360289255065e-01,  1.4350886592692078e-01,  1.5693637224565560e-02,  1.2549808323024318e-02,  2.6889683608440014e-04
   255,  2.0561e+02, -1.1330062179486744e-01,  1.0253388425831039e-01,  1.8022503333548576e-01,  2.1717704154187631e-01,  1.2363363869582622e-01,  1.4350885917582340e-01,  1.5693810786756246e-02,  1.2548964325982584e-02,  2.6889678251294308e-04
   256,  2.0875e+02, -1.1330060258175650e-01,  1.0253385060857551e-01,  1.8022513366470597e-01,  2.1717689788975267e-01,  1.2363362155738201e-01,  1.4350888837169506e-01,  1.5693750839135795e-02,  1.2548904281203879e-02,  2.6889678250555685e-04
   257,  2.1203e+02, -1.1330060258175650e-01,  1.0253385060857551e-01,  1.8022513366470597e-01,  2.1717689788975267e-01,  1.2363362155738201e-01,  1.4350888837169506e-01,  1.5693750839135795e-02,  1.2548904281203879e-02,  2.6889678250555685e-04
   258,  2.1203e+02, -1.1329960258175650e-01,  1.0253385060857551e-01,  1.8022513366470597e-01,  2.1717689788975267e-01,  1.2363362155738201e-01,  1.4350888837169506e-01,  1.5693750839135795e-02,  1.2548904281203879e-02,  2.6889691876767790e-04
   259,  2.1203e+02, -1.1330060258175650e-01,  1.0253485060857551e-01,  1.8022513366470597e-01,  2.1717689788975267e-01,  1.2363362155738201e-01,  1.4350888837169506e-01,  1.5693750839135795e-02,  1.2548904281203879e-02,  2.6889705096025499e-04
   260,  2.1203e+02, -1.1330060258175650e-01,  1.0253385060857551e-01,  1.8022613366470597e-01,  2.1717689788975267e-01,  1.2363362155738201e-01,  1.4350888837169506e-01,  1.5693750839135795e-02,  1.2548904281203879e-02,  2.6889728184583463e-04
   261,  2.1203e+02, -1.1330060258175650e-01,  1.0253385060857551e-01,  1.8022513366470597e-01,  2.1717789788975267e-01,  1.2363362155738201e-01,  1.4350888837169506e-01,  1.5693750839135795e-02,  1.2548904281203879e-02,  2.6889722971436893e-04
   262,  2.1203e+02, -1.1330060258175650e-01,  1.0253385060857551e-01,  1.8022513366470597e-01,  2.1717689788975267e-01,  1.2363462155738202e-01,  1.4350888837169506e-01,  1.5693750839135795e-02,  1.2548904281203879e-02,  2.6889678278747782e-04
   263,  2.1203e+02, -1.1330060258175650e-01,  1.0253385060857551e-01,  1.8022513366470597e-01,  2.1717689788975267e-01,  1.2363362155738201e-01,  1.4350988837169507e-01,  1.5693750839135795e-02,  1.2548904281203879e-02,  2.6889678275046316e-04
   264,  2.1203e+02, -1.1330060258175650e-01,  1.0253385060857551e-01,  1.8022513366470597e-01,  2.1717689788975267e-01,  1.2363362155738201e-01,  1.4350888837169506e-01,  1.5694750839135796e-02,  1.2548904281203879e-02,  2.6889686013464018e-04
   265,  2.1203e+02, -1.1330060258175650e-01,  1.0253385060857551e-01,  1.8022513366470597e-01,  2.1717689788975267e-01,  1.2363362155738201e-01,  1.4350888837169506e-01,  1.5693750839135795e-02,  1.2549904281203879e-02,  2.6889683605870509e-04
   256,  2.0875e+02, -1.1330060258175650e-01,  1.0253385060857551e-01,  1.8022513366470597e-01,  2.1717689788975267e-01,  1.2363362155738201e-01,  1.4350888837169506e-01,  1.5693750839135795e-02,  1.2548904281203879e-02,  2.6889678250555685e-04
